1,40,0.01583104580640793,0.007605379447340965,0.008225665427744389,39.3675,0.95360833,0.011817086214991218,
2,30,0.00962285976856947,0.004552530124783516,0.0050703296437859535,34.935196,0.9121958,0.020039390159651872,
3,30,0.011770435608923435,0.005793350748717785,0.00597708486020565,35.50205,0.9167181,0.018578224216870956,
4,20,0.053564831614494324,0.02596871741116047,0.027596116065979004,33.38567,0.88736564,0.023787803820587906,
5,20,0.011438615620136261,0.005261288024485111,0.00617732759565115,33.979004,0.8999469,0.02226269598742996,
6,10,0.09514714032411575,0.046465180814266205,0.04868195950984955,28.610785,0.80209905,0.040567651072519875,
7,50,0.012202629819512367,0.005550072528421879,0.0066525572910904884,44.478065,0.9812702,0.006403929049257618,
8,20,0.022354047745466232,0.010255935601890087,0.01209811121225357,35.018227,0.91040057,0.01967386077917428,
9,40,0.007802682463079691,0.003527725115418434,0.004274957347661257,42.10025,0.97379655,0.008439371454218761,
10,30,0.007391840685158968,0.0034710587933659554,0.003920781891793013,37.95229,0.9460545,0.013890802572537936,
11,20,0.033331699669361115,0.015461176633834839,0.017870523035526276,35.4492,0.91978186,0.018536352684225404,
12,10,0.03942817449569702,0.01870621368288994,0.020721960812807083,29.314888,0.8223778,0.03748676721050557,
13,30,0.012071595527231693,0.005301670171320438,0.006769925355911255,38.388126,0.95075655,0.013200699040471851,
14,20,0.023617852479219437,0.010800305753946304,0.012817547656595707,36.071777,0.9292726,0.017305152642460506,
15,40,0.0047303494065999985,0.00217731692828238,0.0025530324783176184,43.19003,0.97887933,0.0074611383972849185,
16,20,0.049818553030490875,0.023209044709801674,0.026609506458044052,36.250122,0.9311651,0.017076235682429542,
17,20,0.0236998051404953,0.010903607122600079,0.012796198949217796,36.368866,0.9323229,0.016790296793409126,
18,10,0.03887365758419037,0.01822914369404316,0.02064451202750206,30.298323,0.8473088,0.03340911316562718,
19,20,0.008207205682992935,0.003665551310405135,0.004541654139757156,36.38951,0.92787087,0.01669087329155869,
20,10,0.02999320812523365,0.014264484867453575,0.015728723257780075,30.48239,0.8490026,0.03268395116005877,
21,40,0.009998315945267677,0.004495276603847742,0.005503039341419935,43.779713,0.9810947,0.006989844283759006,
22,30,0.01752777397632599,0.00795812625437975,0.009569648653268814,39.27858,0.9575293,0.011892475434647833,
23,40,0.010077614337205887,0.004618196748197079,0.005459417123347521,43.73777,0.98113996,0.007003212586436246,
24,10,0.03428526967763901,0.01609152927994728,0.018193740397691727,31.029959,0.861438,0.030782380638553538,
25,50,0.010672805830836296,0.005051544867455959,0.005621261429041624,46.0877,0.9867154,0.005330998516080135,
26,10,0.03986041247844696,0.017902519553899765,0.021957892924547195,31.214754,0.8646865,0.030077442055924622,
27,10,0.030977604910731316,0.014491738751530647,0.01648586615920067,31.107983,0.86459196,0.03039420742595146,
28,20,0.0225057415664196,0.010286916047334671,0.01221882551908493,37.03265,0.93926656,0.015509806902138925,
29,50,0.008857698179781437,0.004142574034631252,0.004715124145150185,46.396446,0.98751175,0.005170168806391398,
30,50,0.018008090555667877,0.008314909413456917,0.00969318114221096,46.474064,0.9877316,0.005122108976148951,
31,10,0.011513203382492065,0.005247516557574272,0.006265686359256506,31.419022,0.86922014,0.029289288983041003,
32,10,0.07743960618972778,0.03696801885962486,0.04047159105539322,31.37409,0.8682812,0.02949375094535954,
33,30,0.006594769656658173,0.0029899748042225838,0.003604794852435589,39.706497,0.9600437,0.0112997533799193,
34,20,0.020018206909298897,0.00892314501106739,0.011095061898231506,37.248497,0.93982404,0.015132194134691029,
35,20,0.008264447562396526,0.003724190406501293,0.004540257155895233,37.324368,0.94197685,0.014989964656696877,
36,30,0.01593567430973053,0.007159081287682056,0.008776592090725899,39.67053,0.9603434,0.011338038294982495,
37,20,0.020609688013792038,0.008995928801596165,0.011613759212195873,37.390137,0.9424103,0.014876780841594424,
38,20,0.009774886071681976,0.004768769256770611,0.005006117280572653,37.397827,0.9428967,0.014848342208580017,
39,20,0.01000957004725933,0.004751861561089754,0.005257708486169577,37.29701,0.94144076,0.015043326301473127,
40,20,0.021435365080833435,0.009391795843839645,0.012043568305671215,37.274216,0.9416681,0.015096747247744291,
41,20,0.02057853527367115,0.008929194882512093,0.011649340391159058,37.487762,0.943737,0.014715405762392598,
42,20,0.019685599952936172,0.008521785959601402,0.01116381399333477,37.544865,0.9438721,0.014597884587245844,
43,10,0.03927069157361984,0.01761384680867195,0.02165684662759304,31.866228,0.8769479,0.027832106486579137,
44,50,0.007618065923452377,0.00337443919852376,0.0042436267249286175,46.576183,0.9881023,0.00506433702562006,
45,50,0.009796544909477234,0.004665662534534931,0.00513088284060359,46.575924,0.98789316,0.005046520983335839,
46,40,0.010850876569747925,0.004739595577120781,0.006111280992627144,44.270332,0.98287666,0.006592773593028739,
47,30,0.0205750223249197,0.009378854185342789,0.011196168139576912,39.949387,0.96216416,0.011007169883639882,
48,30,0.02863605134189129,0.013290571048855782,0.015345480293035507,40.03851,0.9626233,0.010867680186902906,
49,10,0.04260772839188576,0.019218865782022476,0.02338886260986328,32.158543,0.882118,0.02689948954418053,
50,40,0.02263031154870987,0.010563654825091362,0.012066656723618507,44.353416,0.9829739,0.006545938837992252,
51,20,0.026809290051460266,0.012332840822637081,0.01447644829750061,37.62703,0.94466066,0.014486250156122251,
52,20,0.028869951143860817,0.012921979650855064,0.015947971493005753,37.703503,0.9456203,0.014365015146004221,
53,30,0.03810921311378479,0.017896028235554695,0.020213186740875244,40.12984,0.96309316,0.01076802603481676,
54,10,0.03208330273628235,0.014766879379749298,0.0173164214938879,31.981318,0.8794779,0.027433154473510437,
55,30,0.005539020523428917,0.0025685131549835205,0.0029705073684453964,40.135498,0.9631536,0.010780407566953176,
56,10,0.028145913034677505,0.013205018825829029,0.014940893277525902,32.192867,0.88064826,0.02679788056983436,
57,10,0.03810775279998779,0.017181267961859703,0.02092648297548294,32.249073,0.88374704,0.02667245942948601,
58,40,0.01077800989151001,0.004757177084684372,0.006020832806825638,44.429127,0.98334444,0.006491722653454503,
59,20,0.008066695183515549,0.0036272802390158176,0.004439415410161018,37.81868,0.9465593,0.014164861669893248,
60,50,0.009778193198144436,0.004302399232983589,0.005475793965160847,46.853004,0.98866636,0.00490901651740332,
61,40,0.00420963391661644,0.0020040133967995644,0.0022056205198168755,44.444336,0.98329455,0.006476611468936384,
62,10,0.015134038403630257,0.006940655410289764,0.008193382993340492,32.29327,0.8846627,0.026531408956291053,
63,40,0.010141296312212944,0.004748706240206957,0.0053925896063447,44.395836,0.98324287,0.006507613209232479,
64,50,0.0032954071648418903,0.0015619832556694746,0.0017334240255877376,46.86711,0.9887158,0.004905139631079371,
65,10,0.07044355571269989,0.033757396042346954,0.03668615594506264,32.15867,0.88105047,0.02698195159953409,
66,40,0.009687148965895176,0.004539698362350464,0.005147450603544712,44.46945,0.9834556,0.006458601158555959,
67,30,0.015825722366571426,0.007115780375897884,0.008709942921996117,40.242775,0.9634159,0.010619748247836635,
68,20,0.03540141135454178,0.016633454710245132,0.018767958506941795,37.93898,0.94706756,0.013962773121323817,
69,50,0.006842723581939936,0.0032164030708372593,0.0036263205111026764,46.66148,0.98820376,0.0050029548546957755,
70,20,0.018854055553674698,0.008574210107326508,0.010279844515025616,37.95776,0.9473397,0.013921948228210633,
71,10,0.03321661055088043,0.014888612553477287,0.018327996134757996,32.560028,0.8898394,0.025711914216857683,
72,10,0.026071947067975998,0.01214071549475193,0.013931231573224068,32.237274,0.8836038,0.026710204178849995,
73,20,0.00966081116348505,0.004612276330590248,0.005048534832894802,37.99159,0.9479198,0.013852328635956663,
74,30,0.015801135450601578,0.007160439155995846,0.008640697225928307,40.239937,0.963629,0.010627277469394404,
75,30,0.015812724828720093,0.007301436737179756,0.008511288091540337,40.38589,0.9644631,0.010454997665401611,
76,10,0.03351663053035736,0.01605457440018654,0.01746205799281597,32.503014,0.88847524,0.025894639273485214,
77,10,0.03690071776509285,0.017323583364486694,0.019577134400606155,32.570774,0.8862016,0.025661056121716277,
78,50,0.007747280411422253,0.003516752040013671,0.004230528604239225,46.825356,0.9883899,0.004920854818774233,
79,40,0.00985915306955576,0.00456441193819046,0.005294741131365299,44.55619,0.9836377,0.006391518297812792,
80,30,0.021713737398386,0.010138222947716713,0.011575514450669289,40.235687,0.9633812,0.01062431253595692,
81,10,0.02772511914372444,0.013005102053284645,0.014720017090439796,32.606373,0.8892207,0.025628479007171558,
82,50,0.0062416717410087585,0.002912003081291914,0.003329668892547488,46.956768,0.988876,0.004857598994240239,
83,20,0.019216571003198624,0.008738280273973942,0.010478291660547256,38.113552,0.9488947,0.01367925577336407,
84,50,0.006082996726036072,0.0030028854962438345,0.003080111462622881,46.923954,0.9888061,0.004868775082701035,
85,50,0.009440142661333084,0.00425422377884388,0.005185919348150492,46.959057,0.98888177,0.004853059535594175,
86,30,0.03652547299861908,0.017260219901800156,0.019265253096818924,40.465755,0.964902,0.010368719586590242,
87,40,0.012469855137169361,0.005936215631663799,0.006533639505505562,44.62068,0.9839011,0.0063525899507666595,
88,20,0.01997535303235054,0.009439542889595032,0.010535809211432934,37.99847,0.9477354,0.013867737782345268,
89,30,0.01376289501786232,0.006358438171446323,0.007404457312077284,40.485348,0.9648664,0.010352446889379965,
90,10,0.04077046737074852,0.018626797944307327,0.022143669426441193,32.770535,0.891815,0.025018005169042526,
91,20,0.031787339597940445,0.014873435720801353,0.01691390387713909,38.123775,0.9487157,0.013642507951570322,
92,30,0.014583399519324303,0.0067039369605481625,0.007879462093114853,40.504658,0.96502995,0.010319107782944219,
93,10,0.028940189629793167,0.013278838247060776,0.01566135138273239,32.92331,0.8944,0.02463618385426953,
94,20,0.036459967494010925,0.017154868692159653,0.019305100664496422,37.908546,0.94693124,0.013993555850481705,
95,30,0.013768130913376808,0.006375527009367943,0.007392603904008865,40.511234,0.96511024,0.010295300850756771,
96,30,0.03346165269613266,0.015804771333932877,0.017656881362199783,40.560814,0.9653395,0.01025698775043295,
97,50,0.01574275642633438,0.0075636375695466995,0.008179117925465107,46.980118,0.9889148,0.0048410981239578165,
98,30,0.010920980013906956,0.00502138864248991,0.005899591371417046,40.47838,0.96489584,0.010350295411077176,
99,10,0.041087836027145386,0.018816161900758743,0.02227167598903179,32.952442,0.8954081,0.024503257259974532,
100,30,0.016001559793949127,0.007438420318067074,0.008563139475882053,40.508045,0.9649637,0.01030494504337801,
101,10,0.03387277573347092,0.015220369212329388,0.018652405589818954,32.88736,0.892226,0.024850229117772477,
102,20,0.027072476223111153,0.012379331514239311,0.014693144708871841,38.24815,0.94967604,0.013458864544590353,
103,20,0.03991596773266792,0.018481407314538956,0.021434560418128967,38.24634,0.9496518,0.01345571109758475,
104,40,0.012803073972463608,0.00577374966815114,0.00702932383865118,44.723057,0.98414886,0.006275971984766956,
105,40,0.010861072689294815,0.005113121122121811,0.005747951567173004,44.650234,0.98385584,0.006322463370946496,
106,30,0.013654381036758423,0.006340507417917252,0.007313873618841171,40.556923,0.96528876,0.010253629372950678,
107,20,0.017214659601449966,0.007836787961423397,0.00937787164002657,38.314186,0.95012033,0.013335490371731476,
108,50,0.006925162859261036,0.003159716259688139,0.003765446599572897,47.017246,0.9890221,0.004822485025813124,
109,30,0.014149468392133713,0.006634443067014217,0.007515025325119495,40.604225,0.9654303,0.01018642813209951,
110,20,0.021551774814724922,0.01002107746899128,0.011530697345733643,38.298298,0.9498766,0.013389709272869645,
111,20,0.0194852352142334,0.008728960528969765,0.010756274685263634,38.296337,0.94972694,0.013374113359565756,
112,20,0.02672499231994152,0.012123044580221176,0.014601947739720345,38.29631,0.9497909,0.01336350686399687,
113,30,0.013743564486503601,0.006372483447194099,0.007371081039309502,40.62706,0.9656256,0.010170792408513983,
114,10,0.02815249003469944,0.012962071225047112,0.015190418809652328,33.016388,0.8941158,0.024393000330455293,
115,10,0.028363071382045746,0.012853882275521755,0.015509188175201416,33.035725,0.8961713,0.024293008613209054,
116,40,0.009848812595009804,0.004644494503736496,0.005204318091273308,44.692257,0.98406273,0.0062968467635099055,
117,40,0.008518436923623085,0.004002819303423166,0.004515618085861206,44.740246,0.98422277,0.006258166233504706,
118,30,0.020062560215592384,0.009045102633535862,0.011017457582056522,40.642586,0.965732,0.010134152061013153,
119,50,0.0075977095402777195,0.0034817284904420376,0.004115981049835682,47.0685,0.98913145,0.00479423334545507,
120,20,0.008964797481894493,0.004099702928215265,0.0048650940880179405,38.13542,0.9490286,0.013643298413060159,
121,40,0.004047152120620012,0.0019405647180974483,0.002106587402522564,44.71797,0.98421556,0.0062761484633770195,
122,50,0.013159597292542458,0.006309343036264181,0.006850254721939564,47.058144,0.98911256,0.004797890211700498,
123,20,0.01776374876499176,0.007966255769133568,0.009797492995858192,38.39345,0.9504769,0.01322918032514975,
124,20,0.018540380522608757,0.008557915687561035,0.009982464835047722,38.396435,0.9508876,0.01320839684830251,
125,50,0.006803207099437714,0.0032273470424115658,0.0035758602898567915,47.07786,0.98914045,0.004791874095260003,
126,20,0.018490197136998177,0.008602209389209747,0.00988798774778843,38.420704,0.95093274,0.013202250197014997,
127,10,0.025554552674293518,0.01172594353556633,0.013828609138727188,33.186756,0.8981475,0.023870299926995842,
128,30,0.03087051771581173,0.014628898352384567,0.016241619363427162,40.67354,0.9659724,0.010108187118959359,
129,30,0.02261900156736374,0.010617945343255997,0.012001056224107742,40.64872,0.9658389,0.010157223077672584,
130,40,0.008676711469888687,0.004003175999969244,0.0046735359355807304,44.675045,0.9840355,0.006311205500208988,
131,20,0.016542455181479454,0.00740668922662735,0.009135765954852104,38.428864,0.95093465,0.013164046849066661,
132,10,0.05768436938524246,0.027331415563821793,0.03035295382142067,33.384174,0.90074015,0.023252726295888634,
133,20,0.02019871026277542,0.009058811701834202,0.01113989856094122,38.458256,0.9511784,0.013121538692352894,
134,40,0.009707922115921974,0.004381578415632248,0.005326343700289726,44.756226,0.9842987,0.006252882496919865,
135,40,0.009358543902635574,0.004370792303234339,0.004987752065062523,44.772655,0.9843475,0.006240059925174655,
136,50,0.0036329408176243305,0.0017233918188139796,0.001909548882395029,47.095562,0.98923224,0.004775880312230628,
137,10,0.016440238803625107,0.007439907640218735,0.009000331163406372,33.342167,0.89972395,0.023431591720836694,
138,40,0.007958780974149704,0.0036782119423151016,0.004280569031834602,44.81189,0.98444104,0.006217774930542449,
139,20,0.016770923510193825,0.007636839523911476,0.009134083986282349,38.44386,0.9511196,0.013139356021136927,
140,40,0.009227976202964783,0.004394989460706711,0.004832986742258072,44.688736,0.98403585,0.006300819260518395,
141,20,0.04173688590526581,0.01936851069331169,0.022368377074599266,38.46199,0.9511656,0.013128101834027907,
142,10,0.019374920055270195,0.008880587294697762,0.010494332760572433,33.424026,0.9012149,0.02322587889984846,
143,20,0.006692350842058659,0.003126806579530239,0.003565544495359063,38.487144,0.9512191,0.013091121514116878,
144,40,0.009547857567667961,0.004466471262276173,0.0050813863053917885,44.78769,0.98426795,0.006227397665757668,
145,40,0.011204630136489868,0.005364020820707083,0.005840609781444073,44.81375,0.9844208,0.006216280509169919,
146,10,0.01903272606432438,0.008712617680430412,0.010320108383893967,33.4227,0.90114504,0.023249833824324745,
147,10,0.023287340998649597,0.010901017114520073,0.012386323884129524,33.516315,0.9025797,0.023014172381340806,
148,40,0.013678357936441898,0.006563890725374222,0.0071144672110676765,44.843243,0.9844492,0.006187690889941998,
149,10,0.028693288564682007,0.013462799601256847,0.015230489894747734,33.386692,0.90129006,0.023298408061396648,
150,40,0.004292672500014305,0.0020826137624680996,0.0022100587375462055,44.823456,0.98449194,0.006201606772693476,
151,50,0.0031542712822556496,0.0015170930419117212,0.0016371782403439283,47.164078,0.98932993,0.004741047660184605,
152,40,0.008036728948354721,0.0036459448747336864,0.004390784073621035,44.830894,0.9844315,0.006194538754323209,
153,50,0.0074930088594555855,0.0033938735723495483,0.004099135287106037,47.14097,0.9892802,0.00475060581468336,
154,20,0.009543552994728088,0.0046706292778253555,0.004872923716902733,38.49519,0.9516456,0.013084055292206614,
155,30,0.03343572840094566,0.015559733845293522,0.017875995486974716,40.815853,0.96662384,0.009949618865766919,
156,10,0.041413478553295135,0.018824435770511627,0.02258904278278351,33.3638,0.9004928,0.023371158553495634,
157,10,0.0319400429725647,0.014473565854132175,0.017466478049755096,33.50308,0.90241385,0.0229610890070004,
158,10,0.009521625936031342,0.004437921568751335,0.005083704832941294,33.573593,0.9024483,0.022838725235779737,
159,40,0.012260567396879196,0.005856700707226992,0.006403867155313492,44.818897,0.98443377,0.006198110154136448,
160,50,0.009472259320318699,0.004560602828860283,0.004911656491458416,47.13299,0.98912084,0.004756585567325211,
161,10,0.010893303900957108,0.004957584198564291,0.005935720168054104,33.488834,0.90171266,0.02303254692568546,
162,40,0.009186243638396263,0.004177730064839125,0.005008514039218426,44.861168,0.9846074,0.0061762452482688,
163,50,0.008230479434132576,0.003902069292962551,0.004328410141170025,47.155033,0.98931885,0.004742296130055747,
164,10,0.02804289385676384,0.012481850571930408,0.015561044216156006,33.405094,0.9009346,0.023297644991574277,
165,40,0.004743731115013361,0.002288780640810728,0.002454950474202633,44.791306,0.9843023,0.006222593579521876,
166,30,0.008347833529114723,0.003811401315033436,0.00453643174842,40.802113,0.9665732,0.009958529723024575,
167,50,0.006634339224547148,0.0030265178065747023,0.0036078214179724455,47.166294,0.9893486,0.004740505132992161,
168,10,0.030866743996739388,0.014163842424750328,0.01670290157198906,33.622093,0.9035798,0.02267814963691855,
169,50,0.01700575463473797,0.00822862982749939,0.008777124807238579,47.034946,0.98906237,0.004801248119158997,
170,50,0.007658744230866432,0.0034553215373307467,0.004203422926366329,47.111973,0.98925585,0.0047667631585298735,
171,40,0.010814080014824867,0.005171606317162514,0.0056424736976623535,44.867767,0.9845836,0.006168657814198659,
172,50,0.007512446027249098,0.00356326624751091,0.003949179779738188,47.19788,0.9893951,0.00472076705009628,
173,20,0.017014101147651672,0.00794866494834423,0.009065437130630016,38.512955,0.9515796,0.013034750228053038,
174,20,0.01887025311589241,0.00876070000231266,0.010109554044902325,38.559097,0.9516773,0.012965299105660381,
175,40,0.013344908133149147,0.006374459248036146,0.0069704484194517136,44.867477,0.98447424,0.0061686393282812954,
176,50,0.01597725600004196,0.007663781754672527,0.008313474245369434,47.176968,0.9893539,0.004731542297477552,
177,40,0.01220690831542015,0.005552331916987896,0.006654576398432255,44.868786,0.98459905,0.00616777929747244,
178,20,0.007385086268186569,0.0034014489501714706,0.003983637318015099,38.64438,0.9522287,0.0128332680662249,
179,40,0.00849149189889431,0.003997516352683306,0.0044939760118722916,44.886642,0.9846392,0.00615467550560276,
180,40,0.01938680000603199,0.009294066578149796,0.010092733427882195,44.873226,0.98461884,0.006167398084798183,
181,30,0.015388731844723225,0.007128066383302212,0.008260665461421013,40.84822,0.9667609,0.009903620647225176,
182,50,0.008674688637256622,0.004260888788849115,0.004413800314068794,47.189663,0.9893745,0.004723870008272092,
183,40,0.019401684403419495,0.009236441925168037,0.010165243409574032,44.895096,0.98465264,0.006150858996811714,
184,30,0.013523930683732033,0.006254943087697029,0.007268987596035004,40.84444,0.966731,0.009910392556178208,
185,50,0.007348454557359219,0.0032767346128821373,0.004071719944477081,47.193798,0.98940176,0.004719721366540469,
186,20,0.010389312170445919,0.004817577078938484,0.005571735091507435,38.62426,0.952068,0.012869913870850609,
187,20,0.01571272872388363,0.007380852475762367,0.008331876248121262,38.597317,0.9520509,0.012888802793952707,
188,30,0.013685865327715874,0.006295337807387114,0.007390527054667473,40.74323,0.9662906,0.010020713369800816,
189,20,0.01847001165151596,0.008363321423530579,0.010106691159307957,38.660366,0.9525319,0.01282420621855046,
190,30,0.01319601945579052,0.0061540668830275536,0.007041952107101679,40.829075,0.9664835,0.009916517599870098,
191,30,0.01776338927447796,0.008275270462036133,0.009488118812441826,40.839195,0.9667649,0.009907989967602752,
192,40,0.01324479840695858,0.006311993580311537,0.0069328052923083305,44.89212,0.9846545,0.006156486481779859,
193,30,0.016168680042028427,0.007595888338983059,0.008572792634367943,40.878395,0.96695244,0.009869115611513747,
194,10,0.028261451050639153,0.013045575469732285,0.015215875580906868,33.681396,0.90442765,0.02248556948510467,
195,40,0.004651722498238087,0.0021759099327027798,0.0024758127983659506,44.910908,0.98472947,0.006138314701193729,
196,50,0.0036537277046591043,0.0017140279524028301,0.0019396997522562742,47.209946,0.9894097,0.004711708769293298,
197,20,0.0075829848647117615,0.0035470069851726294,0.004035978112369776,38.65123,0.95264316,0.012818378872025643,
198,50,0.011274449527263641,0.005453144665807486,0.0058213043957948685,47.217743,0.9894537,0.004711086177661588,
199,40,0.011303773149847984,0.005459072533994913,0.005844700615853071,44.901493,0.9847096,0.006140202117380943,
200,20,0.026776598766446114,0.012468472123146057,0.014308126643300056,38.726246,0.9530223,0.012709038838817384,
201,20,0.03768561780452728,0.01758696511387825,0.020098650828003883,38.65798,0.95270294,0.01282066511674876,
202,10,0.028689702972769737,0.01313389465212822,0.015555808320641518,33.669693,0.90464777,0.022606474624131585,
203,30,0.02000303566455841,0.009436910971999168,0.010566123761236668,40.903027,0.9669494,0.009828695328441165,
204,30,0.020449630916118622,0.009504811838269234,0.010944820009171963,40.906387,0.96713567,0.009843386414699758,
205,40,0.009274854324758053,0.004276306368410587,0.0049985479563474655,44.90245,0.9846475,0.006145526666810056,
206,20,0.024817008525133133,0.01122998259961605,0.013587025925517082,38.73314,0.9531166,0.012691414445412047,
207,20,0.01816418766975403,0.008302528411149979,0.00986165925860405,38.726376,0.95305634,0.012706163750058301,
208,40,0.009518222883343697,0.004449361003935337,0.0050688618794083595,44.93863,0.984782,0.006117092786742359,
209,30,0.015418827533721924,0.0073136501014232635,0.00810517743229866,40.939728,0.9672235,0.009803433082504425,
210,20,0.02064647153019905,0.009655633941292763,0.010990837588906288,38.727257,0.9529696,0.012710341092452344,
211,40,0.008877747692167759,0.004176551476120949,0.00470119621604681,44.913456,0.98468536,0.006130075827667557,
212,10,0.024200867861509323,0.011131932958960533,0.01306893490254879,33.830135,0.90609527,0.0221408096313085,
213,40,0.011615879833698273,0.005530632100999355,0.006085247732698917,44.90686,0.9847008,0.006137365088932581,
214,10,0.03639659658074379,0.016409490257501602,0.019987106323242188,33.834053,0.9061168,0.022152679739374383,
215,20,0.006699596531689167,0.0030872661154717207,0.0036123304162174463,38.686108,0.9528824,0.012774640087585854,
216,50,0.0065123820677399635,0.002977477852255106,0.0035349042154848576,47.240116,0.98947835,0.004697746272816876,
217,20,0.016757134348154068,0.007710346020758152,0.009046788327395916,38.750477,0.95324546,0.012681943866335492,
218,40,0.017906513065099716,0.008566005155444145,0.009340508840978146,44.90477,0.9846662,0.006132528710277339,
219,20,0.01810595951974392,0.008277752436697483,0.009828207083046436,38.762695,0.9533544,0.012659595384077165,
220,30,0.012920094653964043,0.0059564788825809956,0.006963615771383047,40.93633,0.9671939,0.009797812167016536,
221,20,0.01899770088493824,0.009075388312339783,0.009922312572598457,38.69626,0.9527097,0.012754013258896546,
222,30,0.0126566793769598,0.005939641501754522,0.006717038340866566,40.92987,0.9671655,0.009814174374559741,
223,30,0.014031345956027508,0.006486902013421059,0.007544443942606449,40.89716,0.9670247,0.009833334856211816,
224,20,0.0172223299741745,0.007853558287024498,0.009368771687150002,38.654877,0.95226425,0.012815771186782175,
225,20,0.00951534602791071,0.004674236290156841,0.004841109737753868,38.788883,0.9534861,0.012620061904257511,
226,30,0.02424735203385353,0.011530384421348572,0.012716967612504959,40.919605,0.9671334,0.009833497605793978,
227,50,0.0072011458687484264,0.003374932100996375,0.0038262137677520514,47.22462,0.9894581,0.004705780927309776,
228,20,0.017213936895132065,0.008307664655148983,0.008906273171305656,38.788467,0.9534687,0.012621164442325734,
229,30,0.007397474721074104,0.0034315360244363546,0.003965938929468393,40.91791,0.96712655,0.009825866118906222,
230,10,0.018430940806865692,0.008378767408430576,0.01005217432975769,33.957836,0.9076851,0.02182142202499017,
231,40,0.016688473522663116,0.007960056886076927,0.008728415705263615,44.93963,0.9847756,0.006116309344445824,
232,20,0.018650319427251816,0.008417605422437191,0.0102327149361372,38.797596,0.9535493,0.012608712299880831,
233,30,0.015367761254310608,0.0069981906563043594,0.008369570598006248,40.906734,0.96706444,0.009839574985556368,
234,40,0.007686080411076546,0.0035636082757264376,0.004122472368180752,44.954945,0.98480844,0.006104532355756316,
235,30,0.00804893858730793,0.00390834454447031,0.0041405935771763325,40.933228,0.9672031,0.009800999978247737,
236,20,0.01753477193415165,0.008006306365132332,0.009528465569019318,38.7924,0.9536002,0.01260555717385742,
237,50,0.009319182485342026,0.004533278290182352,0.004785903729498386,47.24623,0.98941916,0.004691565367920204,
238,40,0.009245475754141808,0.004343951586633921,0.004901524633169174,44.955338,0.98486626,0.006104901198877598,
239,40,0.00905965268611908,0.004179739858955145,0.004879912361502647,44.940903,0.9847358,0.0061093480494710225,
240,10,0.026488326489925385,0.012004561722278595,0.014483763836324215,33.804943,0.90659803,0.022226366697680168,
241,10,0.009251028299331665,0.004160367418080568,0.005090661346912384,33.921665,0.9071533,0.021917205000392907,
242,30,0.012610061094164848,0.005840686149895191,0.00676937447860837,40.994217,0.96749854,0.009729057304380548,
243,30,0.005869840271770954,0.00277728121727705,0.0030925588216632605,40.982433,0.9674034,0.009745666416134103,
244,50,0.007679882925003767,0.003640170209109783,0.004039712715893984,47.231922,0.9894515,0.004699423512942249,
245,20,0.02484070509672165,0.011629315093159676,0.013211390934884548,38.73492,0.95318335,0.012704984572649814,
246,40,0.010382357984781265,0.004947532434016466,0.005434825550764799,44.955135,0.98473036,0.006096342318344521,
247,40,0.010622024536132812,0.005101654212921858,0.005520370788872242,44.92902,0.9846927,0.0061187808638616895,
248,50,0.006480785086750984,0.0029422130901366472,0.0035385722294449806,47.259823,0.9895295,0.004688126039959951,
249,30,0.015030307695269585,0.007040530908852816,0.007989776320755482,40.976788,0.96748483,0.009746249147720962,
250,30,0.008055821992456913,0.003724863287061453,0.00433095870539546,40.96811,0.96734965,0.009762835869586635,
251,40,0.00918514933437109,0.0042960913851857185,0.004889057949185371,44.910282,0.98472,0.006130754787933828,
252,20,0.012655481696128845,0.00582675077021122,0.006828730460256338,38.801468,0.95365095,0.012609325637049598,
253,10,0.05132768303155899,0.02418539859354496,0.02714228630065918,34.054996,0.9093635,0.02159050725291551,
254,30,0.02400330640375614,0.011337343603372574,0.012665962800383568,41.01145,0.967686,0.009713864385005329,
255,20,0.006692489143460989,0.0031782379373908043,0.0035142512060701847,38.78744,0.9536008,0.012625979810888222,
256,10,0.02338603511452675,0.010510304011404514,0.012875732034444809,33.98039,0.90824395,0.021800181548397312,
257,50,0.003930176608264446,0.001838795142248273,0.0020913814660161734,47.2585,0.98951936,0.004684214872584997,
258,20,0.024344787001609802,0.01114402711391449,0.013200758956372738,38.81639,0.9536519,0.012575749245600423,
259,10,0.02663508802652359,0.012483648955821991,0.014151439070701599,34.00844,0.9088012,0.021704031775106845,
260,40,0.009477594867348671,0.004530212376266718,0.004947382491081953,44.94841,0.9847655,0.006106437150332239,
261,30,0.015385234728455544,0.007236097473651171,0.00814913772046566,40.956974,0.9673666,0.009776946149249456,
262,50,0.006501831579953432,0.002935044700279832,0.0035667868796736,47.280346,0.98957497,0.004674363289563733,
263,10,0.05520521104335785,0.025785600766539574,0.029419610276818275,33.93025,0.9081656,0.02184023740244564,
264,10,0.028707154095172882,0.013290654867887497,0.015416499227285385,33.961037,0.9082473,0.021791313484029688,
265,30,0.013166042044758797,0.006141275633126497,0.007024766877293587,40.97898,0.9675544,0.00974645326231814,
266,30,0.009295214898884296,0.004243130795657635,0.005052084103226662,41.011635,0.96754974,0.009708185566978039,
267,10,0.01797223463654518,0.008131109178066254,0.009841125458478928,33.81339,0.9073405,0.022221079095633565,
268,40,0.003917353693395853,0.0018185748485848308,0.002098778961226344,44.913887,0.98471904,0.006130422926205059,
269,20,0.00753098726272583,0.0034753400832414627,0.004055647179484367,38.814392,0.9538329,0.012565992469778136,
270,40,0.006699477322399616,0.0033158473670482635,0.0033836299553513527,44.97026,0.98490065,0.006085866793560713,
271,40,0.010208748281002045,0.004967468790709972,0.005241279490292072,44.96805,0.9848887,0.006092222871884827,
272,20,0.015855822712183,0.007251447066664696,0.008604375645518303,38.81976,0.95348245,0.012567418699883233,
273,40,0.008404767140746117,0.0038472190499305725,0.004557548090815544,44.98629,0.9849681,0.006072916045093869,
274,40,0.01060484442859888,0.004786129109561443,0.0058187153190374374,44.934315,0.984792,0.006115325005329507,
275,50,0.006458575837314129,0.003182745072990656,0.003275830764323473,47.276596,0.98956835,0.004674517994017519,
276,20,0.012844998389482498,0.005835127085447311,0.007009871769696474,38.760834,0.9531228,0.012666918088801018,
277,20,0.02050843834877014,0.009463435038924217,0.011045003309845924,38.818592,0.9538033,0.01256865719941614,
278,30,0.013357499614357948,0.006508813239634037,0.006848686374723911,41.02419,0.9676697,0.00969731130813464,
279,30,0.009531013667583466,0.004677135031670332,0.004853878635913134,40.99273,0.96756417,0.009734478100659394,
280,30,0.03011537343263626,0.0140668461099267,0.016048528254032135,40.928337,0.96733207,0.009811016625056727,
281,10,0.05593579262495041,0.02624797821044922,0.02968781441450119,33.69626,0.9051944,0.022494509416381748,
282,30,0.008334695361554623,0.004057471640408039,0.0042772237211465836,41.008743,0.96768934,0.00971731535093294,
283,50,0.003343308810144663,0.0015909181674942374,0.0017523905262351036,47.265358,0.9895074,0.004681505241996539,
284,30,0.00919403973966837,0.004197739064693451,0.004996300674974918,40.996326,0.96747065,0.00972468525572639,
285,20,0.005886065773665905,0.0028202293906360865,0.003065836150199175,38.841736,0.95382726,0.012531028157269631,
286,10,0.02350904792547226,0.010632842779159546,0.012876205146312714,34.038124,0.90880805,0.02163441506883669,
287,10,0.012993178330361843,0.005979893729090691,0.0070132846012711525,34.04402,0.90903234,0.021592572635224253,
288,40,0.005699865520000458,0.002639113226905465,0.003060752060264349,44.974964,0.98492247,0.0060878778491252295,
289,40,0.010120214894413948,0.0049636149778962135,0.005156599450856447,44.97937,0.98494387,0.0060824027480512076,
290,20,0.00842420756816864,0.0038808309473097324,0.004543377086520195,38.86496,0.9541011,0.012501065901602637,
291,40,0.015244603157043457,0.007286922074854374,0.007957681082189083,44.975597,0.98488,0.006087384185999938,
292,40,0.006772255524992943,0.003155497834086418,0.0036167579237371683,44.979843,0.9848843,0.006081236015770428,
293,50,0.007350185886025429,0.0033573228865861893,0.0039928629994392395,47.30274,0.9896051,0.0046599280681801376,
294,30,0.0087506715208292,0.0042870184406638145,0.004463653080165386,40.98057,0.9673306,0.009738102963805203,
295,20,0.014096329919993877,0.0065034436993300915,0.007592886220663786,38.869713,0.9540905,0.012484718140587492,
296,20,0.01613960973918438,0.007488488219678402,0.008651121519505978,38.840405,0.9537822,0.012529886862107436,
297,40,0.008813592605292797,0.004182884469628334,0.004630708135664463,44.987206,0.98491454,0.0060770001804491625,
298,50,0.007339879870414734,0.003519624238833785,0.0038202558644115925,47.259468,0.98951375,0.00468534678415979,
299,40,0.003924081102013588,0.0018103141337633133,0.002113766735419631,44.994354,0.9849247,0.006072539729795154,
300,20,0.02699323371052742,0.012666666880249977,0.014326566830277443,38.868965,0.95395505,0.012496213013985607,
301,30,0.018301593139767647,0.008449522778391838,0.009852070361375809,41.03826,0.9678549,0.009686898415754623,
302,20,0.01737016811966896,0.008055214770138264,0.009314954280853271,38.83188,0.95383644,0.012554895929668328,
303,50,0.012900097295641899,0.006183034740388393,0.006717063020914793,47.285244,0.98958224,0.004669215993247464,
304,50,0.009121013805270195,0.004414704628288746,0.004706308711320162,47.282818,0.9895729,0.0046710457542519426,
305,20,0.01972164399921894,0.009184733033180237,0.010536910966038704,38.868298,0.95405596,0.012485819637321245,
306,30,0.01374395564198494,0.006313590332865715,0.0074303653091192245,41.0623,0.96792656,0.009660072424220874,
307,30,0.014169668778777122,0.006542470771819353,0.007627197541296482,40.99728,0.9676337,0.009727670380930779,
308,40,0.011248182505369186,0.005384679883718491,0.0058635021559894085,44.98146,0.98495746,0.006081620115311599,
309,30,0.014150421135127544,0.006524589844048023,0.007625831291079521,41.042015,0.96787035,0.009673906426501963,
310,20,0.038660287857055664,0.017754994332790375,0.02090529166162014,38.76272,0.95331764,0.012649073723150873,
311,30,0.013394915498793125,0.006586045026779175,0.00680887047201395,40.99677,0.9675529,0.009730119255547839,
312,30,0.013047165237367153,0.006015440449118614,0.007031724788248539,41.076294,0.96803457,0.00963548822463939,
313,30,0.012850191444158554,0.005934652406722307,0.006915539503097534,41.05446,0.9679298,0.00966138963999472,
314,50,0.007017449475824833,0.0033581042662262917,0.003659345442429185,47.284958,0.98958313,0.004669171177361844,
315,30,0.008773076348006725,0.004293096251785755,0.00447998009622097,41.054493,0.96780276,0.00965208043334537,
316,20,0.018660377711057663,0.008844726718962193,0.009815650060772896,38.901035,0.9543436,0.012446197439778033,
317,50,0.0065346756018698215,0.002996510826051235,0.0035381647758185863,47.25891,0.98954344,0.004679955479024902,
318,10,0.01138361357152462,0.0052300188690423965,0.0061535947024822235,34.121414,0.91005373,0.021434689791526643,
319,50,0.007195970043540001,0.003418372478336096,0.0037775973323732615,47.276627,0.9896023,0.004674041459102581,
320,20,0.005834692157804966,0.002711135195568204,0.0031235567294061184,38.894386,0.9543446,0.012443539527871425,
321,40,0.007612907327711582,0.003459230298176408,0.004153677262365818,44.986958,0.9849229,0.006074001241551766,
322,20,0.017228644341230392,0.0079824049025774,0.009246238507330418,38.91311,0.95441306,0.012429421604660333,
323,40,0.008681253530085087,0.004096540622413158,0.004584712907671928,44.983543,0.9848331,0.006073386468980508,
324,20,0.02314656972885132,0.010625356808304787,0.012521211989223957,38.893257,0.9543525,0.012466851847716258,
325,40,0.01142832264304161,0.005216090474277735,0.006212231703102589,45.00722,0.9849731,0.006057870974610016,
326,40,0.008953958749771118,0.004177737981081009,0.004776220768690109,44.983482,0.9848979,0.006078034433005281,
327,30,0.014702299609780312,0.0068501634523272514,0.00785213615745306,41.05958,0.9679239,0.009643792345271657,
328,20,0.020988045260310173,0.009882528334856033,0.01110551692545414,38.872936,0.9542951,0.012482431404284424,
329,20,0.03665890544652939,0.01731167733669281,0.01934722624719143,38.90956,0.95443475,0.012423123821499482,
330,20,0.01867901347577572,0.00882761087268591,0.00985140260308981,38.915993,0.95443565,0.012404447016114761,
331,40,0.009008998051285744,0.004160338547080755,0.004848659038543701,45.004112,0.9849469,0.0060654909709161155,
332,30,0.0055699776858091354,0.0026340680196881294,0.002935909666121006,41.033016,0.96776354,0.009677109280222628,
333,40,0.011396870017051697,0.005503391847014427,0.00589347817003727,45.02544,0.98503953,0.006049417040613483,
334,20,0.022324390709400177,0.01052828412503004,0.011796106584370136,38.87866,0.9544048,0.01248462468182285,
335,20,0.016463587060570717,0.0074820201843976974,0.00898156687617302,38.853565,0.95413315,0.012510484605068744,
336,20,0.03854907304048538,0.01798798143863678,0.02056109346449375,38.784237,0.95350707,0.012634213319215371,
337,10,0.023858146741986275,0.010942956432700157,0.012915190309286118,33.99568,0.9090141,0.021726070603925503,
338,50,0.01292180735617876,0.006219000555574894,0.006702806800603867,47.29424,0.989603,0.004663750397856546,
339,10,0.021641438826918602,0.010172493755817413,0.011468945071101189,34.15774,0.91098994,0.02129413055138397,
340,20,0.02107173390686512,0.009653864428400993,0.011417869478464127,38.880207,0.95420194,0.012466664078265395,
341,10,0.02359151281416416,0.01062687486410141,0.012964637950062752,34.02649,0.9092122,0.02168768425402807,
342,20,0.016126830130815506,0.007414164021611214,0.008712666109204292,38.93823,0.95454484,0.012378382329024924,
343,10,0.023039434105157852,0.010366784408688545,0.012672650627791882,34.108932,0.91039515,0.02142965483827839,
344,20,0.011927769519388676,0.005432297475636005,0.00649547204375267,38.903133,0.9543117,0.01242542736766607,
345,20,0.01643575355410576,0.007563562132418156,0.008872190490365028,38.896603,0.9544079,0.012452988852253773,
346,10,0.049904707819223404,0.02336111292243004,0.026543594896793365,34.1779,0.91099566,0.021280428281369442,
347,20,0.022839568555355072,0.010478837415575981,0.012360730208456516,38.910084,0.9543388,0.012421462604644188,
348,10,0.026432406157255173,0.012141137383878231,0.014291267842054367,34.076828,0.9090667,0.021538319668184334,
349,10,0.03827863931655884,0.017982348799705505,0.020296288654208183,34.17897,0.91123927,0.021282781578172226,
350,40,0.01616782695055008,0.007695378270000219,0.008472448214888573,45.036602,0.9850935,0.006040822363959109,
351,10,0.03156520053744316,0.01451328955590725,0.01705191098153591,34.226635,0.9115014,0.02110984906060089,
352,30,0.014291364699602127,0.006678036414086819,0.007613328285515308,41.065098,0.967934,0.009643268628678248,
353,20,0.01822463981807232,0.008307542651891708,0.00991709716618061,38.935196,0.9545974,0.012391100593863679,
354,50,0.0071435412392020226,0.003254747949540615,0.0038887932896614075,47.286167,0.9895914,0.00466720243136965,
355,10,0.016102802008390427,0.0073263756930828094,0.008776426315307617,34.19257,0.911445,0.021222843679547018,
356,40,0.008761711418628693,0.004166882485151291,0.004594829399138689,44.99323,0.9848902,0.00606957734861852,
357,40,0.003484642133116722,0.0016083784867078066,0.0018762636464089155,45.039337,0.98508525,0.006040553319202152,
358,10,0.04935215413570404,0.022720295935869217,0.026631858199834824,34.14321,0.91120917,0.02132037953896716,
359,20,0.014780201017856598,0.0067594218999147415,0.008020779117941856,38.88944,0.9543644,0.012451332619484144,
360,40,0.007363725453615189,0.0036168769001960754,0.0037468483205884695,45.019043,0.9850393,0.00605141127812624,
361,10,0.01727408915758133,0.007989767007529736,0.009284323081374168,34.200226,0.9114971,0.021217001052912063,
362,50,0.006359209306538105,0.002888921881094575,0.0034702871926128864,47.295475,0.98960215,0.0046600497707009695,
363,40,0.008838232606649399,0.004151966422796249,0.004686266183853149,44.990334,0.9849179,0.006074244892962345,
364,10,0.04414345324039459,0.020720571279525757,0.023422880098223686,34.059853,0.91044706,0.021594454067669175,
365,30,0.016803167760372162,0.007792701944708824,0.009010465815663338,41.085743,0.9680543,0.009622162101552575,
366,40,0.008775316178798676,0.004016949329525232,0.0047583673149347305,44.9895,0.9849746,0.006073516130113585,
367,20,0.016528289765119553,0.007601176854223013,0.008927112445235252,38.87067,0.95417005,0.012492175307314845,
368,50,0.01025931816548109,0.00497009139508009,0.005289226770401001,47.29858,0.9896195,0.004660868171267523,
369,20,0.01536325179040432,0.007038408424705267,0.00832484383136034,38.935867,0.9545947,0.012390197680650077,
370,40,0.00391824496909976,0.0018715067999437451,0.0020467382855713367,44.959435,0.984918,0.006093818905064125,
371,40,0.013303792104125023,0.006337533239275217,0.006966259330511093,45.025387,0.9850621,0.006046374889333524,
372,10,0.023685354739427567,0.010618539527058601,0.013066815212368965,34.0827,0.9104139,0.021486905773437218,
373,50,0.0066965604200959206,0.0030724916141480207,0.0036240690387785435,47.274227,0.9895944,0.004672349732958711,
374,20,0.017214316874742508,0.00805507879704237,0.009159239009022713,38.90044,0.95451987,0.012439122891372176,
375,40,0.009173315018415451,0.0042232321575284,0.004950082860887051,45.02007,0.9850521,0.006049250924554699,
376,40,0.01014954224228859,0.004985775798559189,0.005163766909390688,45.02292,0.9850387,0.006046586964706144,
377,40,0.010261507704854012,0.004991292487829924,0.005270215682685375,45.033646,0.9850519,0.006039545753931622,
378,30,0.013645417988300323,0.0063600726425647736,0.007285344880074263,41.081253,0.9679514,0.009631290051634213,
379,10,0.04327189549803734,0.02027793973684311,0.02299395576119423,34.05587,0.91050535,0.02153004396028912,
380,40,0.010389027185738087,0.0049569085240364075,0.005432118661701679,45.04791,0.9850733,0.006028056685462016,
381,40,0.008027290925383568,0.003810159396380186,0.004217131994664669,44.983192,0.9849172,0.006077116848671804,
382,20,0.016440927982330322,0.007611564360558987,0.00882936455309391,38.950573,0.95468473,0.012364238696093204,
383,40,0.007825261913239956,0.003645244985818863,0.004180016927421093,45.044926,0.9850948,0.006030968077450091,
384,20,0.01686640828847885,0.007905872538685799,0.008960534818470478,38.933487,0.95469856,0.012399137466537863,
385,40,0.00884592067450285,0.004153777379542589,0.00469214329496026,45.021645,0.9850373,0.006050631334460846,
386,50,0.00814298540353775,0.003912071231752634,0.004230913706123829,47.290543,0.989594,0.004663030122256333,
387,30,0.015127039514482021,0.007110352627933025,0.008016686886548996,41.12851,0.96825486,0.00957118648921431,
388,20,0.015462529845535755,0.007131262682378292,0.008331267163157463,38.885815,0.9543632,0.01246833885158972,
389,20,0.01825452782213688,0.008358895778656006,0.009895632043480873,38.934017,0.9545092,0.012395635863990749,
390,40,0.005131762940436602,0.0024078907445073128,0.002723872195929289,45.037754,0.9850584,0.006035892912786564,
391,20,0.015245255082845688,0.006971229333430529,0.008274025283753872,38.971878,0.95474553,0.012338452393987407,
392,40,0.0036240248009562492,0.0016918330220505595,0.0019321917789056897,45.048702,0.9850895,0.006029795680849889,
393,50,0.016695603728294373,0.008043676614761353,0.008651928044855595,47.283203,0.98954844,0.004665004814858734,
394,20,0.020075280219316483,0.009313543327152729,0.010761737823486328,38.89483,0.95442873,0.012443313594706103,
395,10,0.011443136259913445,0.005350558087229729,0.006092578172683716,34.214638,0.91128266,0.021199324677288304,
396,10,0.025779549032449722,0.011645813472568989,0.014133736491203308,34.1838,0.9114631,0.021303500150866475,
397,50,0.006806202698498964,0.0031428690999746323,0.003663333598524332,47.29581,0.9896004,0.004658472899870268,
398,50,0.006937207654118538,0.0033330030273646116,0.00360420485958457,47.277534,0.9895443,0.004667149768623771,
399,20,0.02984793111681938,0.014065597206354141,0.01578233391046524,38.890385,0.95421976,0.01243920175609453,
400,20,0.016467459499835968,0.007648258004337549,0.008819201961159706,38.985947,0.9550782,0.012314853455684836,
401,20,0.015728797763586044,0.007547351531684399,0.008181445300579071,38.953915,0.95479363,0.012348025590273884,
402,40,0.014159215614199638,0.00677306205034256,0.007386154029518366,45.0569,0.98512095,0.006023055460859358,
403,40,0.008914950303733349,0.00413216557353735,0.004782784730195999,45.033794,0.98507446,0.006039303960360629,
404,50,0.005944511853158474,0.002938004909083247,0.0030065071769058704,47.27154,0.9895714,0.004672674535468664,
405,10,0.043409109115600586,0.020551204681396484,0.0228579044342041,34.20393,0.9119989,0.02116331869606219,
406,10,0.03811939060688019,0.017899736762046814,0.020219653844833374,34.15997,0.9116928,0.02131083052277055,
407,40,0.010114170610904694,0.004976505879312754,0.005137665197253227,45.038048,0.9850967,0.006033610581659429,
408,40,0.005052523221820593,0.0023474781773984432,0.0027050450444221497,45.03884,0.9850662,0.006035901169599512,
409,40,0.00952085480093956,0.004404457751661539,0.0051163965836167336,45.020218,0.9850696,0.0060470831912207415,
410,10,0.035105153918266296,0.016486965119838715,0.018618186935782433,34.178734,0.91165054,0.02123729149661925,
411,10,0.024942521005868912,0.011664660647511482,0.013277861289680004,34.229454,0.9120729,0.02113057553249404,
412,30,0.01260194182395935,0.005946605000644922,0.006655337288975716,41.080135,0.96806806,0.009623821572454287,
413,10,0.04998285695910454,0.023607764393091202,0.026375092566013336,34.23876,0.91188884,0.02113669690980236,
414,40,0.009100290015339851,0.004188224673271179,0.004912064876407385,45.048206,0.9850924,0.006028463907687157,
415,10,0.025200411677360535,0.011393420398235321,0.013806991279125214,34.079056,0.9102036,0.021524849488235045,
416,30,0.006220342591404915,0.0029962952248752117,0.003224047599360347,41.122528,0.9683092,0.009584855877879045,
417,10,0.021920260041952133,0.010023307986557484,0.011896952986717224,34.16227,0.9116322,0.021295010019768676,
418,10,0.022982709109783173,0.01076256763190031,0.012220142409205437,34.189407,0.9119883,0.021261495924720455,
419,40,0.011069243773818016,0.0053116134367883205,0.005757630802690983,45.06542,0.9851338,0.006017872753120881,
420,20,0.016465365886688232,0.0076170205138623714,0.008848344907164574,38.984234,0.9549228,0.012319112209459278,
421,40,0.012923593632876873,0.006178553681820631,0.006745039951056242,45.066967,0.985168,0.0060165228709653015,
422,10,0.03664613142609596,0.017153434455394745,0.019492696970701218,34.18984,0.91190904,0.021248887666842745,
423,30,0.013309692963957787,0.0061621880158782005,0.007147504948079586,41.158237,0.96840256,0.009535886488659556,
424,20,0.005987131502479315,0.0028607300482690334,0.0031264014542102814,38.94839,0.9547849,0.012375283496213894,
425,50,0.009925639256834984,0.004758195951581001,0.0051674433052539825,47.279007,0.9895816,0.004667877406089436,
426,50,0.006416781805455685,0.0029451632872223854,0.003471618751063943,47.30439,0.9896328,0.004653583957127852,
427,20,0.018441414460539818,0.008370263502001762,0.010071150958538055,38.97612,0.9549522,0.012329027176476364,
428,10,0.0285152830183506,0.013087006285786629,0.015428277663886547,34.20339,0.91177565,0.02120977631756113,
429,20,0.015484841540455818,0.007204675115644932,0.008280166424810886,38.85917,0.9543386,0.012520860630950717,
430,50,0.008094405755400658,0.0039043216966092587,0.004190084524452686,47.310623,0.9896466,0.004652485523765163,
431,10,0.027340678498148918,0.012731591239571571,0.014609087258577347,34.215614,0.9123367,0.021175492923863684,
432,10,0.02760724537074566,0.012960127554833889,0.01464711781591177,34.241814,0.9124559,0.021085223829742948,
433,30,0.016273364424705505,0.007654277607798576,0.008619085885584354,41.137222,0.9682367,0.009568097095786723,
434,10,0.0296420119702816,0.013664227910339832,0.015977784991264343,34.189377,0.91192603,0.021218445942753815,
435,40,0.003721350571140647,0.0017116307280957699,0.002009719843044877,45.066196,0.9851346,0.006016158734614415,
436,20,0.006734135560691357,0.0031323512084782124,0.0036017843522131443,38.985844,0.9550261,0.012321791059367648,
437,20,0.016221050173044205,0.007401355542242527,0.008819693699479103,38.97254,0.95494235,0.012340907825453318,
438,10,0.010537480935454369,0.0047518182545900345,0.005785662680864334,34.20877,0.91202193,0.021204534682883046,
439,20,0.017047787085175514,0.007878271862864494,0.00916951522231102,38.986034,0.95506936,0.012319429976763701,
440,50,0.007087258622050285,0.003380814101547003,0.0037064445205032825,47.33475,0.9897012,0.004638878013679178,
441,40,0.004161164630204439,0.0020509460009634495,0.0021102186292409897,45.050175,0.9850701,0.006029986152341538,
442,10,0.034636158496141434,0.016353361308574677,0.018282797187566757,34.10548,0.91093254,0.021454629766431924,
443,30,0.012582851573824883,0.005954926833510399,0.006627924740314484,41.096085,0.9680729,0.00961231077390367,
444,50,0.0070285070687532425,0.003262836020439863,0.003765671281144023,47.28209,0.98960227,0.004664095754151154,
445,50,0.014694019220769405,0.007098544389009476,0.00759547483175993,47.30753,0.9896415,0.004651701591086486,
446,30,0.015961039811372757,0.007463658694177866,0.008497381582856178,41.15544,0.9684494,0.009535759084650278,
447,20,0.007107805460691452,0.0032987049780786037,0.0038091004826128483,38.96967,0.95490265,0.012349683664192384,
448,20,0.027932781726121902,0.013034895062446594,0.014897887594997883,38.980534,0.9551296,0.012314571751529254,
449,20,0.018171560019254684,0.008610385470092297,0.009561175480484962,38.987503,0.9550163,0.012321987165457926,
450,30,0.01341930776834488,0.006532016675919294,0.006887291558086872,41.150375,0.96844274,0.009540601606777667,
451,20,0.016850033774971962,0.0076802317053079605,0.009169802069664001,38.977104,0.9549447,0.012335005616191526,
452,10,0.02406970039010048,0.01110002864152193,0.012969671748578548,34.194103,0.9116733,0.021242881176678927,
453,30,0.019133655354380608,0.009001102298498154,0.010132553055882454,41.132027,0.96828324,0.009570936022930349,
454,20,0.023472651839256287,0.010817651636898518,0.012654999271035194,39.00231,0.9551389,0.01229509010354983,
455,10,0.018092535436153412,0.008220002986490726,0.00987253338098526,34.259228,0.91265,0.021092875405202008,
456,30,0.01361536979675293,0.006608186289668083,0.007007183972746134,41.127674,0.96815664,0.009575001179251162,
457,50,0.015873663127422333,0.00766327790915966,0.008210385218262672,47.31442,0.98962504,0.004648167975479376,
458,20,0.02420453540980816,0.011282172054052353,0.012922363355755806,38.938816,0.9547586,0.012374435612963877,
459,10,0.024757064878940582,0.011276785284280777,0.01348027866333723,34.20075,0.9118803,0.021224852121524713,
460,50,0.007875571958720684,0.0037536772433668375,0.00412189494818449,47.320023,0.98965806,0.004646014805677463,
461,20,0.016669943928718567,0.007728188298642635,0.008941754698753357,38.97002,0.95484155,0.01234381279909591,
462,30,0.02392958104610443,0.011313548311591148,0.012616032734513283,41.148914,0.96830446,0.00955083484439086,
463,20,0.017153281718492508,0.007949111983180046,0.009204169735312462,38.951027,0.9549255,0.012342573478951886,
464,20,0.01701781526207924,0.007949491031467915,0.00906832329928875,39.006485,0.95511687,0.012277323810139448,
465,30,0.010795371606945992,0.005025113001465797,0.005770258139818907,41.10517,0.9680957,0.009596735917534148,
466,10,0.00835341028869152,0.003940091468393803,0.004413319285959005,33.987274,0.908793,0.021789122266698952,
467,10,0.04594860225915909,0.021425681188702583,0.024522921070456505,34.161774,0.9119191,0.02130948507874353,
468,40,0.008942518383264542,0.004137185402214527,0.0048053329810500145,45.04605,0.9850424,0.006025018506585419,
469,20,0.01619035378098488,0.007576095871627331,0.008614256978034973,38.957096,0.95498437,0.012360334063195316,
470,40,0.011083733290433884,0.00528654083609581,0.005797191988676786,45.056206,0.9851135,0.006021967577349935,
471,30,0.012861940078437328,0.005988172255456448,0.006873767822980881,41.162125,0.968413,0.009531789632062873,
472,20,0.020264513790607452,0.009524328634142876,0.010740185156464577,39.008648,0.95523715,0.012277702465117836,
473,30,0.0050563267432153225,0.0023717195726931095,0.002684607170522213,41.161606,0.96845174,0.009532559365622646,
474,50,0.004992613103240728,0.0023620566353201866,0.0026305564679205418,47.32199,0.98966163,0.0046451092939663804,
475,30,0.011770064942538738,0.005453803576529026,0.006316261366009712,41.126953,0.96822876,0.0095679760370588,
476,50,0.006331032607704401,0.0031165052205324173,0.0032145273871719837,47.319687,0.98964715,0.004643800353498869,
477,50,0.011121392250061035,0.005416730884462595,0.005704660899937153,47.25731,0.9893563,0.004670684213888171,
478,20,0.01792181096971035,0.00833020731806755,0.0095916036516428,39.004143,0.95516044,0.012284296330302123,
479,10,0.008479304611682892,0.00393441878259182,0.004544885829091072,34.20368,0.91201454,0.02121388860602469,
480,30,0.015109458938241005,0.007249418646097183,0.007860040292143822,41.138584,0.9681829,0.00955114630527128,
481,30,0.014628123492002487,0.0067650009877979755,0.007863122969865799,41.159622,0.96841395,0.009535907346516196,
482,20,0.016687825322151184,0.007790062576532364,0.008897763676941395,38.96001,0.95485467,0.012363067031135672,
483,30,0.02852386236190796,0.01345274318009615,0.015071120113134384,41.174145,0.9684629,0.009518993240454769,
484,40,0.011018911376595497,0.005010031163692474,0.00600888067856431,45.03925,0.9850968,0.006029414727337796,
485,50,0.00628116587176919,0.0028788887429982424,0.0034022771287709475,47.307617,0.9896624,0.004650647372558112,
486,50,0.0027898894622921944,0.001278963522054255,0.0015109258238226175,47.303326,0.98962235,0.004653000847161614,
487,50,0.009024000726640224,0.004377929959446192,0.004646070767194033,47.294357,0.9896617,0.004657141148691787,
488,20,0.016319429501891136,0.007562363054603338,0.008757066912949085,39.02108,0.9553405,0.012266889837587346,
489,20,0.01903497986495495,0.008833445608615875,0.010201534256339073,38.99893,0.95501244,0.012294527957769348,
490,30,0.015075628645718098,0.007219621911644936,0.007856006734073162,41.157597,0.9683146,0.009532325806726196,
491,40,0.012830249965190887,0.006141171790659428,0.006689078640192747,45.070732,0.9851801,0.006009254040792242,
492,50,0.009091189131140709,0.004389776848256588,0.004701412282884121,47.316254,0.9896244,0.004646657166937495,
493,10,0.023888450115919113,0.010947813279926777,0.012940635904669762,34.213593,0.9122188,0.02117165500621593,
494,30,0.028206463903188705,0.013246960937976837,0.014959502965211868,41.16964,0.9684528,0.009527483175104873,
495,10,0.024009156972169876,0.010818316601216793,0.013190840370953083,34.213837,0.91222143,0.021145195512468126,
496,40,0.01084120199084282,0.004959683865308762,0.00588151765987277,45.06161,0.9851158,0.006017867523684821,
497,20,0.0169511791318655,0.008009631186723709,0.008941547945141792,38.945904,0.9548601,0.012372905269234086,
498,20,0.017811568453907967,0.008371936157345772,0.009439632296562195,39.00624,0.9552967,0.012284596078981967,
499,50,0.010076342150568962,0.004907797556370497,0.005168544128537178,47.31655,0.9896518,0.00464724615009323,
500,10,0.04759531468153,0.022089969366788864,0.025505345314741135,34.233387,0.9125609,0.021140724578181246,
