1,10,0.042694251984357834,0.019649870693683624,0.02304438129067421,25.22035,0.7729266,0.056831531754069964,
2,30,0.02007681131362915,0.009359581395983696,0.010717230848968029,35.591354,0.9438507,0.01683177168311788,
3,20,0.02601506933569908,0.012333337217569351,0.013681731186807156,33.557873,0.923326,0.021278230228286295,
4,40,0.00921957939863205,0.004080012906342745,0.005139566957950592,43.199936,0.986948,0.00699950654421257,
5,10,0.034382663667201996,0.015942323952913284,0.018440337851643562,27.569662,0.8328533,0.04273164947348628,
6,50,0.004024872090667486,0.0017734457505866885,0.0022514264564961195,46.707363,0.99296063,0.004647488034267906,
7,40,0.007175873965024948,0.0031291067134588957,0.004046767018735409,43.94242,0.9881956,0.006419791210280352,
8,20,0.01814522221684456,0.00839603878557682,0.009749182499945164,34.37289,0.9335024,0.0193576980162642,
9,20,0.028376227244734764,0.013552263379096985,0.01482396386563778,34.573074,0.93499553,0.01890380069702663,
10,40,0.007347713690251112,0.003135263454169035,0.004212450236082077,44.216652,0.98956186,0.0062240405149028965,
11,50,0.007094264961779118,0.003188667120411992,0.003905597608536482,47.27963,0.99362713,0.0043489932001767794,
12,30,0.01077369973063469,0.005151614546775818,0.0056220851838588715,37.173904,0.9591805,0.01401904761701997,
13,50,0.005110242869704962,0.0023852051235735416,0.00272503774613142,47.37601,0.99369895,0.004301557244529388,
14,30,0.012149332091212273,0.0055139921605587006,0.006635339930653572,37.262474,0.9600499,0.013872371819898012,
15,40,0.00575096532702446,0.00248275906778872,0.003268206026405096,44.431114,0.9899062,0.006071276922050776,
16,50,0.0052839042618870735,0.0025440095923841,0.002739894902333617,47.558823,0.9940459,0.00421258227268016,
17,20,0.020877184346318245,0.009693140164017677,0.011184044182300568,34.882587,0.9391124,0.018244803539377477,
18,30,0.017668407410383224,0.00823423732072115,0.0094341691583395,37.51166,0.9615238,0.01346632171425625,
19,40,0.010157756507396698,0.00465302262455225,0.005504733882844448,44.62453,0.9902966,0.005934116109001473,
20,30,0.014361286535859108,0.006750728469341993,0.007610557600855827,37.47762,0.9611988,0.013524581807850726,
21,10,0.030338531360030174,0.014432558789849281,0.015905972570180893,28.282055,0.853786,0.03927517470457599,
22,40,0.005593602079898119,0.00259424839168787,0.002999353688210249,44.720535,0.9905558,0.005862765773549905,
23,30,0.014827258884906769,0.006822210270911455,0.008005049079656601,37.48891,0.96135896,0.013506256813781236,
24,40,0.0086286049336195,0.003916778136044741,0.004711826331913471,44.712505,0.99051857,0.005869635868026764,
25,50,0.00535206962376833,0.0023752101697027683,0.002976859686896205,47.787964,0.9943158,0.0041010802572761145,
26,50,0.006025582551956177,0.0026992489583790302,0.00332633382640779,47.80806,0.99433124,0.004092573676240963,
27,50,0.006031070835888386,0.00274440785869956,0.0032866629771888256,47.93549,0.99441487,0.004031527073753048,
28,50,0.004942518193274736,0.002264235634356737,0.0026782825589179993,47.965767,0.9944991,0.004019218553572467,
29,10,0.03841828554868698,0.017828375101089478,0.020589910447597504,28.523157,0.85597414,0.03810391084076675,
30,10,0.031014539301395416,0.014706572517752647,0.01630796678364277,28.39776,0.85579145,0.03870885704014395,
31,10,0.020211022347211838,0.009679573588073254,0.01053144782781601,28.501797,0.8575333,0.0382601881808293,
32,10,0.058426156640052795,0.027968257665634155,0.03045790083706379,28.472181,0.85625374,0.03842474751694624,
33,30,0.017896639183163643,0.008472993969917297,0.009423645213246346,37.67254,0.96276844,0.013222891286603242,
34,10,0.04288169741630554,0.019762232899665833,0.02311946637928486,28.507256,0.856366,0.03819330316529386,
35,30,0.01304912194609642,0.006158677861094475,0.0068904440850019455,37.6626,0.9626158,0.013227549546300328,
36,20,0.03447426110506058,0.01594528928399086,0.018528973683714867,35.193615,0.9417435,0.017572528473675637,
37,50,0.0051827579736709595,0.0023003090173006058,0.0028824489563703537,48.047493,0.9946331,0.0039805259921669245,
38,30,0.013390621170401573,0.006316537968814373,0.0070740836672484875,37.634285,0.9623172,0.013277910124223516,
39,50,0.007793401833623648,0.003696670290082693,0.004096731543540955,47.931316,0.9945703,0.004033106153671039,
40,50,0.006141150835901499,0.00285257026553154,0.003288580570369959,48.07403,0.9946165,0.00396807377205735,
41,20,0.019513852894306183,0.009013700298964977,0.010500151664018631,35.24835,0.94218487,0.017465803136596715,
42,30,0.01551582757383585,0.00725798774510622,0.00825783982872963,37.69455,0.96289164,0.01318051923299837,
43,40,0.007730978541076183,0.003531157970428467,0.0041998205706477165,44.98265,0.99107593,0.005690154231445319,
44,50,0.006624117493629456,0.003025258192792535,0.003598859068006277,48.075047,0.9946374,0.003967134981174465,
45,40,0.006039160769432783,0.0028260969556868076,0.0032130638137459755,44.936993,0.9909903,0.005721944100982759,
46,50,0.00556883355602622,0.002597957383841276,0.002970876172184944,47.96414,0.99440676,0.004018843732220669,
47,10,0.02611374668776989,0.011987632140517235,0.014126114547252655,28.375893,0.8569471,0.03876112922022392,
48,40,0.007903014309704304,0.003473573364317417,0.004429440945386887,45.015347,0.99108523,0.005665221045774248,
49,30,0.013765585608780384,0.006414090283215046,0.007351495325565338,37.757225,0.9632096,0.01308493188233131,
50,40,0.007131289690732956,0.0030760453082621098,0.004055244382470846,45.012722,0.9910375,0.005668930944482103,
51,50,0.004656825214624405,0.0020553942304104567,0.0026014307513833046,48.106544,0.9946761,0.003953625415853197,
52,50,0.0042373305186629295,0.0018238112097606063,0.002413519425317645,48.14479,0.99471223,0.0039352561097427,
53,50,0.005973581224679947,0.0026006060652434826,0.003372975392267108,48.18165,0.99473125,0.00391915569931665,
54,50,0.005209505092352629,0.0022476171143352985,0.00296188797801733,48.006336,0.99453616,0.0040007747260861,
55,20,0.01509658433496952,0.0070637925527989864,0.008032792247831821,35.300556,0.94283354,0.017364750112446467,
56,30,0.016512807458639145,0.007586238905787468,0.008926567621529102,37.78754,0.96332,0.013039382012032964,
57,10,0.03682400658726692,0.01727282628417015,0.01955118030309677,28.440245,0.8587343,0.0385182626518471,
58,10,0.029875200241804123,0.014139112085103989,0.015736088156700134,28.58724,0.8594403,0.03784165766548024,
59,40,0.010026879608631134,0.004676304757595062,0.005350575316697359,45.10967,0.99118716,0.005604306274107621,
60,40,0.008493121713399887,0.0039058129768818617,0.004587308503687382,45.092117,0.99115163,0.005615490105400993,
61,10,0.029944682493805885,0.014182036742568016,0.01576264575123787,28.564407,0.8594208,0.038072361854705195,
62,30,0.01749950274825096,0.008269515819847584,0.009229985997080803,37.795135,0.96351236,0.013030437983795742,
63,20,0.019669264554977417,0.008990934118628502,0.010678330436348915,35.33425,0.9433148,0.017301698497094033,
64,10,0.02436063066124916,0.011541744694113731,0.01281888596713543,28.549717,0.85926586,0.03800423726600574,
65,10,0.035771287977695465,0.016864990815520287,0.018906299024820328,28.50731,0.8593386,0.03831733418874953,
66,20,0.024349771440029144,0.011485796421766281,0.012863974086940289,35.31446,0.9427942,0.017336014791836506,
67,40,0.007807455956935883,0.00350631563924253,0.004301140084862709,45.09234,0.99124867,0.005619150139403047,
68,10,0.0200265571475029,0.00935771968215704,0.010668836534023285,28.659903,0.86015034,0.037447143329230576,
69,50,0.0031671146862208843,0.0014805836835876107,0.0016865308862179518,48.269115,0.9948574,0.003880541047927583,
70,50,0.008158829063177109,0.0037048570811748505,0.004453971982002258,48.301823,0.99487925,0.0038661127325950464,
71,20,0.025864755734801292,0.012263938784599304,0.013600816950201988,35.355618,0.9433333,0.017252408219862254,
72,50,0.0035534852650016546,0.0016469971742480993,0.0019064880907535553,48.26886,0.9948349,0.003881172817379602,
73,40,0.004589219577610493,0.002096468349918723,0.0024927512276917696,45.218803,0.99139833,0.005530953861219139,
74,50,0.004699096083641052,0.0021154782734811306,0.0025836180429905653,48.30177,0.99484193,0.0038658466476733594,
75,40,0.005620288662612438,0.002670133486390114,0.002950155409052968,45.16681,0.99128604,0.005571438795593714,
76,10,0.047439832240343094,0.021638739854097366,0.025801092386245728,28.335634,0.8579336,0.03889295385707902,
77,50,0.005153375212103128,0.002325531095266342,0.0028278441168367863,48.342514,0.99492127,0.0038481143615599275,
78,20,0.018962383270263672,0.008634495548903942,0.010327886790037155,35.361206,0.9434423,0.017244594874263258,
79,20,0.013936110772192478,0.006324893794953823,0.007611216977238655,35.38436,0.94389635,0.017189960536403714,
80,30,0.012532896362245083,0.005818953271955252,0.006713943090289831,37.854168,0.96365905,0.012936279907774266,
81,40,0.00563796516507864,0.0024389890022575855,0.0031989761628210545,45.234135,0.9914889,0.005526664650767894,
82,20,0.01202743873000145,0.005789176560938358,0.006238261703401804,35.40245,0.94354004,0.01715443197926527,
83,10,0.02471846714615822,0.011393938213586807,0.013324528932571411,28.313906,0.85876304,0.03900796084542535,
84,40,0.006663309410214424,0.002984844846650958,0.003678464563563466,45.243412,0.99151903,0.0055207990682532146,
85,50,0.00520716467872262,0.002435293048620224,0.002771871630102396,48.39745,0.9949797,0.0038231609810888837,
86,10,0.0270787812769413,0.012437401339411736,0.014641380868852139,28.47226,0.8588502,0.0382876667067837,
87,20,0.009190860204398632,0.0043393829837441444,0.004851477220654488,35.430965,0.9440322,0.017101742289196527,
88,30,0.011785090900957584,0.005394201725721359,0.006390889175236225,37.855965,0.964012,0.012938467603450497,
89,10,0.024546615779399872,0.011217005550861359,0.013329610228538513,28.335335,0.8577356,0.03886363625978228,
90,20,0.0119558647274971,0.005700063891708851,0.006255801301449537,35.418022,0.9439376,0.017132773415298265,
91,20,0.01851753145456314,0.008551211096346378,0.009966319426894188,35.40568,0.94368386,0.017166245338552787,
92,50,0.005578444339334965,0.002501643029972911,0.0030768015421926975,48.4214,0.9950055,0.0038128726820927813,
93,20,0.017157884314656258,0.008151944726705551,0.009005939587950706,35.334465,0.94314444,0.017314699337303386,
94,20,0.018581325188279152,0.008617585524916649,0.009963739663362503,35.384296,0.94346875,0.017203253692289467,
95,20,0.02236427552998066,0.010489009320735931,0.011875266209244728,35.404823,0.9438017,0.01716681898593159,
96,30,0.018978096544742584,0.009004371240735054,0.009973724372684956,37.902042,0.96428937,0.01287970514936906,
97,20,0.013367271050810814,0.006331917364150286,0.007035353220999241,35.406113,0.9437793,0.017148408632162996,
98,50,0.008139868266880512,0.0039076735265553,0.0042321947403252125,48.368835,0.99493945,0.003835604744342498,
99,30,0.01045767217874527,0.00471121771261096,0.0057464540004730225,37.900352,0.9642531,0.012879934983770824,
100,10,0.023803241550922394,0.010880518704652786,0.012922722846269608,28.566845,0.8587979,0.03791472285622216,
101,40,0.007101562339812517,0.0032265379559248686,0.0038750243838876486,45.269966,0.9915627,0.005502851155848006,
102,50,0.0038458711933344603,0.0017351203132420778,0.0021107508800923824,48.398182,0.99500346,0.0038228618666073153,
103,40,0.006372577510774136,0.002880874089896679,0.0034917034208774567,45.24451,0.991516,0.005519966251831697,
104,40,0.006805271841585636,0.0029649464413523674,0.0038403256330639124,45.304928,0.99158937,0.005479679106069135,
105,50,0.005434672348201275,0.002545839874073863,0.002888832474127412,48.374466,0.99495786,0.0038343617925445184,
106,20,0.01824857108294964,0.008603144437074661,0.009645426645874977,35.389942,0.9437862,0.017185628793054162,
107,50,0.005255253054201603,0.0024055500980466604,0.002849702723324299,48.295677,0.9949282,0.0038685419908651695,
108,20,0.02091762237250805,0.00980108231306076,0.011116540059447289,35.415993,0.94377583,0.017130727716803865,
109,40,0.007916608825325966,0.0037450785748660564,0.004171530716121197,45.20257,0.9914469,0.00554725027556868,
110,20,0.013532640412449837,0.006414992269128561,0.007117648608982563,35.376255,0.9437423,0.017202595699191196,
111,20,0.018312156200408936,0.008477996103465557,0.009834159165620804,35.32858,0.94315225,0.017308169104496392,
112,20,0.018778115510940552,0.009029272012412548,0.009748844429850578,35.371628,0.94351083,0.017225850521411686,
113,50,0.004492687061429024,0.001985753420740366,0.0025069338735193014,48.47351,0.99506736,0.003789724014023815,
114,40,0.0068249511532485485,0.0031912019476294518,0.0036337492056190968,45.31977,0.9915934,0.005468477931575099,
115,20,0.014641394838690758,0.00698881596326828,0.007652578875422478,35.401054,0.94398516,0.01717618117858411,
116,30,0.0146749597042799,0.006965932436287403,0.007709027733653784,37.914974,0.9641433,0.012859943860211704,
117,30,0.0081253657117486,0.0038163280114531517,0.004309037700295448,37.95784,0.9644698,0.012790091718359143,
118,20,0.0139493178576231,0.006622154265642166,0.007327163126319647,35.34792,0.9431779,0.017271387593375633,
119,10,0.024974621832370758,0.01152340043336153,0.013451220467686653,28.467,0.85857236,0.038473123461550636,
120,40,0.006217409856617451,0.002720294054597616,0.003497116034850478,45.36212,0.99170494,0.005441768792386991,
121,30,0.011361664161086082,0.0053923227824270725,0.005969340912997723,37.923985,0.9642576,0.012844321907627613,
122,10,0.02805873565375805,0.013332726433873177,0.014726009219884872,28.421198,0.8583502,0.03855438500340693,
123,20,0.014537466689944267,0.006738738156855106,0.007798728998750448,35.419132,0.9438728,0.01712504965528224,
124,50,0.004738002084195614,0.0022540867794305086,0.0024839150719344616,48.53237,0.9951031,0.0037649477975313875,
125,50,0.00542320916429162,0.0024356660433113575,0.0029875431209802628,48.485767,0.9950747,0.0037847100052559356,
126,10,0.02005416341125965,0.009141596034169197,0.010912567377090454,28.315075,0.85726887,0.039038646609227186,
127,40,0.009653506800532341,0.0043311696499586105,0.005322336684912443,45.34834,0.99166507,0.0054520643717345585,
128,30,0.012597093358635902,0.005763237364590168,0.006833855994045734,37.964172,0.9646091,0.012779414721798835,
129,30,0.012032981961965561,0.005718348082154989,0.006314634345471859,37.98744,0.9646044,0.012747275416996032,
130,50,0.003051053499802947,0.00140112463850528,0.001649928861297667,48.519917,0.995106,0.0037702872983810284,
131,30,0.014876442030072212,0.006810576189309359,0.008065865375101566,37.9705,0.9645937,0.012775024592117623,
132,30,0.013972888700664043,0.006501596421003342,0.007471292279660702,37.96791,0.9646782,0.012778675230842512,
133,30,0.010715529322624207,0.005091186612844467,0.005624342244118452,37.97512,0.9646592,0.012761843469816977,
134,20,0.013089099898934364,0.006143486592918634,0.00694561330601573,35.41527,0.9438402,0.01714780097120768,
135,50,0.004196875263005495,0.0019143815152347088,0.0022824937477707863,48.491127,0.99506754,0.003782399080770361,
136,30,0.008906044997274876,0.004047425463795662,0.004858619533479214,37.994976,0.96483296,0.012735727085863653,
137,50,0.0038705882616341114,0.00163785251788795,0.0022327357437461615,48.51366,0.9951005,0.0037726859028831385,
138,40,0.010418547317385674,0.0048958002589643,0.005522747524082661,45.390526,0.99173135,0.005427374068393877,
139,50,0.007793882861733437,0.0035795653238892555,0.004214317537844181,48.472786,0.9950825,0.003790567569128999,
140,40,0.007483470253646374,0.003305790014564991,0.004177680239081383,45.390396,0.99175465,0.005426010402978689,
141,20,0.009696410968899727,0.004619221668690443,0.0050771888345479965,35.388733,0.9438877,0.017192345856263797,
142,10,0.0204102024435997,0.009568794630467892,0.01084140781313181,28.40308,0.8566509,0.03871848499781453,
143,40,0.0065619805827736855,0.002943330677226186,0.003618649672716856,45.36602,0.99170226,0.0054414127129780426,
144,40,0.00925823487341404,0.004302489571273327,0.004955745302140713,45.418114,0.9917765,0.005406857770458191,
145,10,0.03179546818137169,0.01484264712780714,0.016952820122241974,28.337734,0.8557363,0.03894230151076844,
146,40,0.005304332822561264,0.002390208188444376,0.002914124634116888,45.38116,0.9916779,0.005430822390696924,
147,10,0.02322637289762497,0.010949395596981049,0.012276977300643921,28.099459,0.8537979,0.040213153261310135,
148,10,0.016228940337896347,0.0075454190373420715,0.008683521300554276,28.402191,0.85769856,0.038690281698986057,
149,30,0.01175408810377121,0.005384346004575491,0.0063697416335344315,37.984585,0.96480674,0.012751735944380843,
150,50,0.007229765877127647,0.003380327485501766,0.003849438391625881,48.54262,0.9951241,0.0037602131479833652,
151,10,0.03018518164753914,0.014151543378829956,0.016033638268709183,28.393679,0.8574838,0.038756055510552744,
152,10,0.023249134421348572,0.01068747229874134,0.012561663053929806,28.352345,0.8575169,0.03888929673521768,
153,10,0.01737234555184841,0.008203022181987762,0.009169323369860649,28.335964,0.8566671,0.0390044074352571,
154,50,0.003832372836768627,0.001643362920731306,0.002189009916037321,48.564087,0.99513835,0.0037513608223058684,
155,50,0.003701514797285199,0.0016765764448791742,0.002024938352406025,48.568813,0.99514586,0.0037488977430307205,
156,10,0.02723858878016472,0.012762616388499737,0.014475971460342407,28.239428,0.8542767,0.039457527706049045,
157,30,0.010227817110717297,0.004964785650372505,0.005263031460344791,37.979126,0.9646445,0.012756706914895858,
158,50,0.00525033101439476,0.002382108010351658,0.0028682230040431023,48.51782,0.99510914,0.0037713805374212333,
159,20,0.012274002656340599,0.005802626721560955,0.006471376400440931,35.45049,0.9440334,0.017062880695418715,
160,50,0.004950030706822872,0.002233591629192233,0.002716439077630639,48.54043,0.99513507,0.003761454215662234,
161,20,0.018764346837997437,0.008899609558284283,0.009864738211035728,35.436993,0.94429016,0.017096957915745926,
162,30,0.012572793290019035,0.005784063600003719,0.006788729690015316,38.000698,0.9647873,0.012728007164153768,
163,10,0.028870126232504845,0.013352341018617153,0.015517785213887691,28.533508,0.8572779,0.03806719674610236,
164,10,0.024074681103229523,0.011306836269795895,0.012767843902111053,28.35048,0.8572199,0.03894414222380826,
165,40,0.008951542899012566,0.00412413477897644,0.004827407654374838,45.404644,0.99175143,0.005415414934303728,
166,40,0.00698096863925457,0.0030256619211286306,0.003955306485295296,45.38564,0.99176556,0.005432233605431212,
167,30,0.009689394384622574,0.004473906010389328,0.005215488374233246,37.902466,0.9643565,0.012871009710395405,
168,50,0.0067294929176568985,0.0030678552575409412,0.0036616376601159573,48.55356,0.9951361,0.003755152311510562,
169,40,0.005946085788309574,0.0027503534220159054,0.003195732133463025,45.336193,0.9916753,0.005462482264499369,
170,50,0.00445527583360672,0.001973675098270178,0.002481600735336542,48.57167,0.9951414,0.0037472178826924254,
171,30,0.009274650365114212,0.00439975131303072,0.004874899052083492,37.984005,0.96458554,0.012747566879870222,
172,30,0.01065507996827364,0.004844664596021175,0.005810415372252464,37.980785,0.9646806,0.01275797129261305,
173,10,0.025410998612642288,0.01198821421712637,0.013422785326838493,28.289824,0.85490966,0.03922292493105649,
174,50,0.005785668268799782,0.002688382286578417,0.0030972862150520086,48.563335,0.9951417,0.003751558817422762,
175,30,0.01455830130726099,0.006973196752369404,0.007585104554891586,37.94336,0.9644765,0.012818775111746004,
176,50,0.004383644554764032,0.0020078020170331,0.0023758425377309322,48.441723,0.9950661,0.0038040782690059462,
177,20,0.02115241438150406,0.009834730997681618,0.011317683383822441,35.406178,0.94375074,0.017163570835038798,
178,10,0.036054253578186035,0.01705595664680004,0.018998295068740845,28.430277,0.85814536,0.03850314306955253,
179,50,0.00424413476139307,0.0019107948755845428,0.0023333397693932056,48.57873,0.9951725,0.003745015442437345,
180,40,0.0049447184428572655,0.002312220400199294,0.002632498275488615,45.423817,0.9917585,0.005405001069562828,
181,40,0.009128785692155361,0.004253394901752472,0.004875390790402889,45.384884,0.9917507,0.005433477536500953,
182,40,0.006233435124158859,0.002770465100184083,0.0034629697911441326,45.377407,0.9917824,0.005440404554323762,
183,10,0.017112519592046738,0.008042827248573303,0.009069692343473434,28.450378,0.85769624,0.038411249158664805,
184,10,0.02717837691307068,0.012611789628863335,0.014566587284207344,28.43621,0.85714436,0.03847980259532058,
185,20,0.019048267975449562,0.008892342448234558,0.010155925527215004,35.45449,0.9443119,0.017077499279356943,
186,20,0.015745416283607483,0.007246777415275574,0.00849863886833191,35.367645,0.9438711,0.017244034008728145,
187,20,0.017039742320775986,0.008133851923048496,0.00890589039772749,35.402256,0.9438495,0.017165065809806215,
188,20,0.01461570244282484,0.006896790117025375,0.007718912325799465,35.429493,0.9440672,0.017110048181304485,
189,20,0.02930622547864914,0.01388518325984478,0.01542104221880436,35.435116,0.94422686,0.017097150177093234,
190,40,0.008293766528367996,0.003758602309972048,0.004535163752734661,45.35296,0.99170554,0.005452496945628551,
191,40,0.0063744159415364265,0.0028946499805897474,0.0034797661937773228,45.414394,0.9917993,0.005411340825601257,
192,40,0.009145412594079971,0.004197962116450071,0.004947450943291187,45.39757,0.99174297,0.005424529668594448,
193,30,0.013037322089076042,0.006034780293703079,0.00700254226103425,38.013638,0.96491283,0.012708325484114998,
194,30,0.012900246307253838,0.006016572006046772,0.006883674301207066,37.999096,0.9647879,0.012725262726133729,
195,50,0.007889771834015846,0.0036842955742031336,0.004205476492643356,48.508312,0.9951106,0.0037747291850559962,
196,20,0.01248401589691639,0.006048534065485001,0.006435481831431389,35.427837,0.94420534,0.017116064214132448,
197,30,0.011527501046657562,0.005214725621044636,0.0063127754256129265,38.003475,0.96494263,0.012725985849558497,
198,40,0.005418401677161455,0.0023447168059647083,0.003073684871196747,45.397163,0.99175894,0.005423489202614143,
199,30,0.009692138992249966,0.004666624590754509,0.005025514401495457,37.947422,0.9645691,0.012809193980202447,
200,30,0.022289520129561424,0.010305090807378292,0.011984429322183132,38.023647,0.9649192,0.012692954244513048,
201,40,0.004979363176971674,0.0022931478451937437,0.0026862153317779303,45.410378,0.9917924,0.005417359127675108,
202,40,0.00534798763692379,0.0025000744499266148,0.0028479129541665316,45.39338,0.99181354,0.005424707097947293,
203,30,0.0167861245572567,0.007860271260142326,0.008925852365791798,38.027363,0.9650444,0.012689834756206676,
204,20,0.017954222857952118,0.008302047848701477,0.009652175940573215,35.393093,0.9443142,0.01718571137224889,
205,10,0.049465421587228775,0.0228588730096817,0.026606548577547073,28.233515,0.85595083,0.0394700084054091,
206,10,0.03554025664925575,0.016645854339003563,0.01889440231025219,28.445902,0.85756856,0.03846412913610679,
207,10,0.024075590074062347,0.011228952556848526,0.012846638448536396,28.36985,0.8575301,0.03878788804787389,
208,30,0.016474159434437752,0.00772405369207263,0.008750105276703835,37.976303,0.96470815,0.012763758427685446,
209,50,0.004095999523997307,0.0018854974769055843,0.0022105020470917225,48.540638,0.9951251,0.003761146440563812,
210,40,0.005733917001634836,0.002577181439846754,0.003156735561788082,45.33782,0.9916321,0.005458406534440016,
211,30,0.0209818072617054,0.00958934798836708,0.011392458342015743,38.011154,0.9649386,0.012711220572511167,
212,30,0.009219441562891006,0.004271329380571842,0.004948112182319164,37.998333,0.9649392,0.0127356853673417,
213,50,0.003983495756983757,0.0017337386962026358,0.002249757293611765,48.557484,0.99513125,0.003754551347335361,
214,50,0.004264728166162968,0.0019249154720455408,0.0023398129269480705,48.555252,0.99512196,0.0037546440683282065,
215,30,0.012547736056149006,0.005957126617431641,0.006590609438717365,38.00334,0.96495706,0.012734255385948445,
216,30,0.011901181191205978,0.005468402989208698,0.006432777736335993,37.9959,0.96475667,0.012730936942822544,
217,50,0.007503694389015436,0.003385653253644705,0.004118041135370731,48.59132,0.9951524,0.003738196162864762,
218,20,0.018481876701116562,0.008715134114027023,0.009766742587089539,35.399765,0.94420105,0.01717903234065246,
219,10,0.022558987140655518,0.010422952473163605,0.012136035598814487,28.373884,0.8570001,0.038828231789532715,
220,30,0.011083396151661873,0.005228044930845499,0.0058553507551550865,38.01051,0.9647961,0.012718339402605649,
221,40,0.008896774612367153,0.003908418118953705,0.004988356493413448,45.446022,0.9918544,0.00539270378327068,
222,20,0.018234845250844955,0.00851598009467125,0.009718865156173706,35.45433,0.94440186,0.01706814735097098,
223,40,0.008674906566739082,0.0039402786642313,0.004734628368169069,45.430645,0.9918367,0.005405645987842081,
224,50,0.0053546312265098095,0.002435001078993082,0.0029196301475167274,48.49342,0.9950931,0.0037817971196182918,
225,10,0.02505764551460743,0.01183772087097168,0.01321992464363575,28.349195,0.85622996,0.03888501904789597,
226,40,0.006678413134068251,0.003128756769001484,0.0035496563650667667,45.46053,0.991896,0.005383527605792757,
227,20,0.018933715298771858,0.008773881942033768,0.01015983335673809,35.438484,0.9442453,0.01710290244548751,
228,20,0.011100677773356438,0.005263352766633034,0.005837325472384691,35.414825,0.944076,0.017152252888353797,
229,20,0.013811576180160046,0.006379328668117523,0.007432247512042522,35.454628,0.9446771,0.01707102820315489,
230,50,0.004157018847763538,0.0018742354586720467,0.0022827833890914917,48.55159,0.995118,0.0037558756762995442,
231,30,0.010871391743421555,0.00512207904830575,0.005749313160777092,38.018433,0.9649644,0.01270297889531714,
232,10,0.014380944892764091,0.006763996556401253,0.0076169478707015514,28.308111,0.85568625,0.039169631612600626,
233,50,0.004745748359709978,0.0022682202979922295,0.0024775280617177486,48.587383,0.99516034,0.003740519490422228,
234,40,0.00560844037681818,0.0024999473243951797,0.0031084930524230003,45.42476,0.9918571,0.005408820595566435,
235,30,0.01228434406220913,0.005838507320731878,0.006445836741477251,38.026154,0.9649965,0.01269278786060314,
236,40,0.005190694704651833,0.002316195284947753,0.002874499186873436,45.421284,0.9917908,0.005409956357264488,
237,40,0.0050139655359089375,0.0022066589444875717,0.0028073065914213657,45.428974,0.9918655,0.005405622531409125,
238,40,0.00549215218052268,0.002424596343189478,0.0030675558373332024,45.433575,0.99185914,0.005401869106041562,
239,20,0.015211137011647224,0.006858632899820805,0.00835250411182642,35.46162,0.94434977,0.017059217590857104,
240,30,0.010110272094607353,0.0047332956455647945,0.005376976449042559,38.033737,0.9651099,0.012693908761416179,
241,30,0.013320015743374825,0.006086147855967283,0.007233867421746254,38.02618,0.9650395,0.012696326089008426,
242,20,0.012855973094701767,0.005855514667928219,0.0070004588924348354,35.425327,0.9441272,0.017126348210143926,
243,40,0.007852420210838318,0.0034383658785372972,0.004414054565131664,45.419895,0.9918819,0.005413464871148549,
244,20,0.028474796563386917,0.013015958480536938,0.015458839014172554,35.4211,0.9441756,0.017144238086096785,
245,30,0.01364530436694622,0.0063313692808151245,0.007313935551792383,38.04223,0.96512085,0.012673680449669471,
246,20,0.019208861514925957,0.008955208584666252,0.010253652930259705,35.42013,0.94438416,0.017139369871870976,
247,10,0.031362731009721756,0.014850519597530365,0.01651221141219139,28.25942,0.85644186,0.039309033734213045,
248,50,0.002967433538287878,0.0013577172067016363,0.0016097164480015635,48.602604,0.99517435,0.0037335721886216492,
249,50,0.0038280566222965717,0.0016061881324276328,0.0022218686062842607,48.62277,0.99517393,0.003725319433853224,
250,20,0.013735335320234299,0.00652350764721632,0.007211827673017979,35.433773,0.94431925,0.017113564151347762,
251,10,0.014557208865880966,0.006836519576609135,0.0077206892892718315,28.23623,0.85437644,0.039513149533640005,
252,10,0.030229851603507996,0.014024829491972923,0.016205022111535072,28.16194,0.85428923,0.039875807990391886,
253,40,0.006942013278603554,0.0030465461313724518,0.003895467147231102,45.4102,0.9918227,0.005417886262105049,
254,20,0.01098761335015297,0.005140849854797125,0.005846763029694557,35.434643,0.94432026,0.01711171954307383,
255,40,0.009912721812725067,0.00468281889334321,0.005229902919381857,45.42829,0.99180907,0.005407781906198187,
256,40,0.00637874286621809,0.002892684657126665,0.0034860579762607813,45.386276,0.9917404,0.005432134624204934,
257,30,0.014165304601192474,0.006775598507374525,0.007389705628156662,38.027397,0.9651501,0.012697664377901959,
258,30,0.013191336765885353,0.006137392017990351,0.007053944282233715,37.97913,0.9646568,0.012770287052759647,
259,40,0.004435920622199774,0.0020320783369243145,0.0024038422852754593,45.42497,0.9918339,0.005406161323040546,
260,10,0.021837346255779266,0.01001928374171257,0.011818062514066696,28.248274,0.85543925,0.03943568831636552,
261,30,0.013590595684945583,0.006372267380356789,0.007218328304588795,37.996635,0.9648999,0.012741122601937471,
262,50,0.004981315694749355,0.0021553877741098404,0.0028259281534701586,48.59575,0.99517006,0.0037375086987243124,
263,20,0.01900015026330948,0.008892806246876717,0.010107344016432762,35.422813,0.9440269,0.017135779789375357,
264,30,0.010178234428167343,0.004843985661864281,0.005334248300641775,38.037483,0.9652113,0.01268618092441741,
265,40,0.00993158295750618,0.004470868036150932,0.00546071445569396,45.409992,0.99182504,0.005416701767906406,
266,50,0.006377204786986113,0.0028684413991868496,0.003508763387799263,48.62601,0.99518466,0.0037245282694839273,
267,10,0.027170103043317795,0.012983354739844799,0.014186748303472996,28.097305,0.8522705,0.040118103111721176,
268,20,0.015468035824596882,0.007286655716598034,0.008181380107998848,35.419888,0.9442527,0.017143455174017087,
269,40,0.0040412042289972305,0.0018288730643689632,0.0022123311646282673,45.43185,0.99187356,0.005402440086119429,
270,10,0.035784706473350525,0.017008794471621513,0.018775910139083862,28.013783,0.8516762,0.040413467795107565,
271,50,0.0071086641401052475,0.003312082728371024,0.0037965814117342234,48.592102,0.9951593,0.003738537794775035,
272,50,0.0066329617984592915,0.0030053197406232357,0.0036276420578360558,48.571743,0.9951284,0.003747254516897264,
273,50,0.0032908341381698847,0.0015095940325409174,0.0017812401056289673,48.578373,0.99513507,0.0037449443610226515,
274,10,0.028749968856573105,0.01352616772055626,0.015223801136016846,28.275433,0.85487247,0.039280539420458185,
275,20,0.013615156523883343,0.006477107293903828,0.007138049229979515,35.408653,0.9439501,0.01716232315257467,
276,20,0.020827289670705795,0.009771475568413734,0.011055815033614635,35.42031,0.9441265,0.017136834300423835,
277,10,0.03284108638763428,0.015465356409549713,0.017375731840729713,28.28312,0.8549799,0.03926017175270813,
278,40,0.005192358046770096,0.002394721144810319,0.0027976371347904205,45.45485,0.99186563,0.005386187745200634,
279,10,0.023165695369243622,0.011002052575349808,0.012163642793893814,28.186087,0.8542397,0.039730937754755814,
280,40,0.004675016272813082,0.0020715524442493916,0.00260346382856369,45.416656,0.9918111,0.0054141959045601595,
281,40,0.0067646619863808155,0.003117147833108902,0.0036475141532719135,45.421192,0.99183327,0.005410264203061018,
282,50,0.004764141980558634,0.0022695737425237894,0.0024945682380348444,48.6181,0.99517864,0.003726749026997051,
283,40,0.008938642218708992,0.0041300333105027676,0.004808608442544937,45.440517,0.9918207,0.005397739489217041,
284,20,0.015013009309768677,0.0071372524835169315,0.007875757291913033,35.456112,0.9443434,0.017064640663846355,
285,20,0.016692141070961952,0.007803622167557478,0.008888519369065762,35.386772,0.9439962,0.017212636222707803,
286,20,0.02773461490869522,0.012752458453178406,0.014982156455516815,35.41332,0.94386375,0.017151654597536693,
287,50,0.004660880658775568,0.0021259444765746593,0.0025349361822009087,48.63522,0.99519145,0.003720134572623223,
288,10,0.040051061660051346,0.019025761634111404,0.02102530002593994,28.23235,0.8551149,0.03938711732097024,
289,40,0.006807203870266676,0.002938442165032029,0.003868761705234647,45.45608,0.9918701,0.005389451728209999,
290,10,0.02530105784535408,0.012026805430650711,0.01327425241470337,28.214125,0.85490924,0.03958761068047489,
291,20,0.024890754371881485,0.011213739402592182,0.013677014037966728,35.39993,0.9441485,0.017178287204201267,
292,10,0.01610657386481762,0.007765790913254023,0.008340783417224884,28.169323,0.8547126,0.03981346471836712,
293,30,0.012654643505811691,0.0058691008016467094,0.006785543169826269,37.997578,0.9648455,0.012745285718147405,
294,10,0.023908909410238266,0.01128508523106575,0.012623824179172516,28.234869,0.85469544,0.03953856906149166,
295,10,0.02454090304672718,0.011602068319916725,0.012938834726810455,28.229805,0.85528094,0.03948462255703831,
296,50,0.005929550155997276,0.0026809372939169407,0.003248612629249692,48.637505,0.995187,0.003718974950068801,
297,50,0.004316686652600765,0.0018979939632117748,0.0024186926893889904,48.627674,0.99517375,0.0037227933006017825,
298,30,0.012521225959062576,0.0058464184403419495,0.0066748070530593395,38.0296,0.96492106,0.012690466906827513,
299,10,0.01768825575709343,0.008267305791378021,0.009420950897037983,28.283678,0.855408,0.03930224254583888,
300,20,0.016164705157279968,0.00770032312721014,0.008464382961392403,35.355106,0.9436905,0.017267009294753503,
301,40,0.004476960748434067,0.002044128952547908,0.002432831795886159,45.4198,0.9918534,0.005413845962445373,
302,10,0.028082042932510376,0.012976648285984993,0.015105395577847958,28.196516,0.85485107,0.039698014033720606,
303,30,0.013565432280302048,0.006234823726117611,0.0073306080885231495,37.97098,0.9648764,0.012782443501469802,
304,50,0.005330950953066349,0.002498981775715947,0.0028319694101810455,48.621925,0.9951762,0.003725695917162754,
305,40,0.0045130690559744835,0.0019244865979999304,0.002588582457974553,45.42415,0.9917986,0.005406935700492871,
306,30,0.011566922068595886,0.005439381115138531,0.0061275409534573555,37.995934,0.96487814,0.012736027362674091,
307,10,0.03060000389814377,0.01436695922166109,0.016233045607805252,28.000622,0.853162,0.040495055599774864,
308,30,0.01041426882147789,0.004991394933313131,0.005422873422503471,37.998672,0.9648954,0.012737052247211137,
309,20,0.01394154503941536,0.006472721230238676,0.007468824274837971,35.38375,0.9437243,0.017221975096677725,
310,40,0.005855766590684652,0.0025774515233933926,0.0032783150672912598,45.46898,0.99186605,0.005378436604383973,
311,50,0.005014984868466854,0.0022411118261516094,0.002773872809484601,48.589317,0.9951496,0.0037401465785271357,
312,20,0.018773000687360764,0.008765154518187046,0.010007846169173717,35.412933,0.94389224,0.017157335091068943,
313,30,0.009625216946005821,0.0046501243487000465,0.004975092131644487,37.973667,0.9648,0.012775653259499009,
314,10,0.0237877294421196,0.011167990043759346,0.012619740329682827,28.345455,0.8555078,0.038987990782293654,
315,10,0.031605735421180725,0.014803453348577023,0.016802281141281128,28.2225,0.85405934,0.03956894804208556,
316,30,0.007809176109731197,0.0036871396005153656,0.004122036509215832,37.981236,0.9647231,0.012757706656086656,
317,10,0.03625139966607094,0.016961779445409775,0.019289620220661163,28.426758,0.858279,0.03849121864380025,
318,50,0.004578638821840286,0.002040642313659191,0.0025379962753504515,48.626896,0.99516845,0.003723704246033855,
319,10,0.03705490380525589,0.017664697021245956,0.019390206784009933,28.297447,0.8548486,0.03921590277342062,
320,40,0.0071781836450099945,0.003413361730054021,0.0037648221477866173,45.478584,0.9918829,0.005374797169793778,
321,10,0.02103731408715248,0.00997337605804205,0.011063937097787857,28.10463,0.85390645,0.040075890489338996,
322,50,0.004325649701058865,0.001990544144064188,0.0023351055569946766,48.648235,0.9951832,0.003714618810987102,
323,10,0.02426236867904663,0.011167360469698906,0.0130950091406703,28.042038,0.8531926,0.0403197991299528,
324,50,0.004845994990319014,0.0021934621036052704,0.002652532886713743,48.60774,0.9951581,0.00373167481444738,
325,40,0.00535670155659318,0.002486779820173979,0.002869921736419201,45.44066,0.99179995,0.005399095755538585,
326,50,0.005592187400907278,0.0026438282802700996,0.0029483591206371784,48.648067,0.9951881,0.003713970242414965,
327,40,0.006528181955218315,0.003076469525694847,0.0034517121966928244,45.470215,0.9918655,0.005381992736349207,
328,20,0.016928402706980705,0.0081004798412323,0.008827922865748405,35.38079,0.9441579,0.017224457525923855,
301,50,0.00479618925601244,0.0021695434115827084,0.0026266458444297314,48.621574,0.99518716,0.003725765833085736,
302,10,0.025906004011631012,0.012069053947925568,0.013836950063705444,28.043816,0.85156983,0.04024615588767054,
303,50,0.005358305759727955,0.0024657209869474173,0.0028925850056111813,48.617466,0.99519247,0.0037270243867435202,
304,50,0.005691137630492449,0.0025712684728205204,0.0031198691576719284,48.65976,0.99522156,0.0037092782637467786,
305,20,0.012791643850505352,0.00592044647783041,0.006871197372674942,35.44497,0.94435334,0.017092711273891024,
306,10,0.02010975033044815,0.009616512805223465,0.01049323845654726,28.123356,0.8543344,0.04001399619774855,
307,50,0.005699964240193367,0.0027318510692566633,0.0029681134037673473,48.634422,0.99516815,0.0037203055875946957,
308,50,0.005145103204995394,0.002372031332924962,0.0027730718720704317,48.633312,0.9951932,0.0037211819418008292,
309,50,0.0029254076071083546,0.0013357624411582947,0.0015896451659500599,48.64179,0.9951943,0.003717448823930165,
310,50,0.004552153404802084,0.002013503573834896,0.002538649830967188,48.63274,0.99518126,0.0037209525765603576,
311,40,0.006383147090673447,0.0029285098426043987,0.003454637248069048,45.438217,0.99179363,0.005397994626485221,
312,50,0.0034490374382585287,0.0014291983097791672,0.0020198391284793615,48.614952,0.9951715,0.0037283997446609855,
313,50,0.0044432468712329865,0.001994630554690957,0.002448616549372673,48.547916,0.9951201,0.0037573266418721384,
314,50,0.005649019032716751,0.002708860207349062,0.002940158825367689,48.633793,0.9951742,0.003720647375762877,
315,10,0.016314629465341568,0.0075782425701618195,0.008736387826502323,28.173424,0.8536069,0.039738328495390364,
316,10,0.018502086400985718,0.008391628973186016,0.010110458359122276,28.13414,0.8534187,0.03986105362778372,
317,40,0.006261259317398071,0.0029699215665459633,0.0032913375180214643,45.422943,0.9918564,0.005409508682056502,
318,10,0.026564758270978928,0.012823313474655151,0.013741444796323776,28.183907,0.85432005,0.039806415530077945,
319,30,0.013173118233680725,0.00617605447769165,0.006997063755989075,38.00591,0.9648348,0.012725348429763871,
320,50,0.004979749210178852,0.002167274709790945,0.002812474500387907,48.649715,0.99520123,0.0037143312430111663,
321,50,0.003941158764064312,0.001782580278813839,0.0021585782524198294,48.622616,0.99519,0.0037253147023388927,
322,30,0.008792910724878311,0.00410107709467411,0.004691833630204201,37.996735,0.96481484,0.012742784307174156,
323,10,0.02775069698691368,0.013329248875379562,0.014421448111534119,28.011211,0.8520823,0.04061220422415028,
324,40,0.007008722051978111,0.0031630373559892178,0.0038456846959888935,45.426926,0.9917826,0.005407077633060687,
325,10,0.019599691033363342,0.009254984557628632,0.01034470647573471,28.094965,0.8547097,0.04006600795018077,
326,20,0.016424812376499176,0.007631619926542044,0.008793191984295845,35.390247,0.94402647,0.01720246886678848,
327,50,0.005401398055255413,0.0023399621713906527,0.0030614356510341167,48.636276,0.9951794,0.0037198047827359288,
328,50,0.0036515556275844574,0.0016321719158440828,0.0020193837117403746,48.62084,0.99517864,0.003726585817994206,
329,50,0.004622786305844784,0.0021335675846785307,0.0024892189539968967,48.6458,0.99519074,0.00371473142476998,
330,20,0.01293522585183382,0.006241705268621445,0.006693520583212376,35.317825,0.9433207,0.01734377558169336,
331,20,0.015540210530161858,0.0071997991763055325,0.008340410888195038,35.415104,0.94421744,0.017143482200399324,
332,20,0.01771150529384613,0.00828263908624649,0.00942886620759964,35.453285,0.94429135,0.017072074362668825,
333,50,0.004747155588120222,0.002175170462578535,0.002571985125541687,48.565395,0.99512696,0.003749067137571779,
334,50,0.0055427211336791515,0.0024413173086941242,0.0031014038249850273,48.646523,0.9951971,0.0037151569591934537,
335,30,0.012151525355875492,0.005737012252211571,0.006414513103663921,37.948788,0.96467865,0.012808610165643693,
336,40,0.00605336669832468,0.0026576071977615356,0.0033957595005631447,45.481564,0.99188393,0.005372200077726954,
337,40,0.005318163428455591,0.002350911730900407,0.0029672516975551844,45.43479,0.9918092,0.005401192775845206,
338,10,0.022234022617340088,0.010369991883635521,0.011864029802381992,28.0622,0.8534613,0.04030535511931606,
339,50,0.004067339468747377,0.001923050731420517,0.0021442887373268604,48.57704,0.9951241,0.0037448940799422927,
340,40,0.005663471296429634,0.0026221522130072117,0.0030413188505917788,45.380035,0.99174196,0.00543509170502491,
341,20,0.015952162444591522,0.007619183510541916,0.008332979865372181,35.389244,0.9437276,0.017201320556233697,
342,40,0.005616039037704468,0.0025033506099134684,0.0031126881949603558,45.42769,0.99180377,0.005409370186436807,
343,10,0.03894030302762985,0.017659427598118782,0.02128087729215622,28.072643,0.85335743,0.04025888628996524,
344,10,0.023571282625198364,0.011140277609229088,0.012431005015969276,28.092377,0.8544395,0.04009958349762147,
345,10,0.030280306935310364,0.014327839948236942,0.015952466055750847,28.037224,0.85291815,0.040504965755711456,
346,40,0.007269573863595724,0.0032700239680707455,0.003999549895524979,45.425247,0.9918272,0.005408223013087077,
347,50,0.007107084151357412,0.0033510150387883186,0.0037560691125690937,48.55774,0.9951188,0.0037531056462777094,
348,30,0.014060035347938538,0.006583107635378838,0.0074769277125597,37.969543,0.9646635,0.012781343419671918,
349,10,0.02965851128101349,0.013839473016560078,0.015819039195775986,28.098103,0.8533734,0.040102556969368486,
350,30,0.0096528809517622,0.004669646266847849,0.004983235150575638,37.979233,0.9647657,0.012757579282741339,
351,50,0.003382966620847583,0.0014684568159282207,0.001914509804919362,48.62641,0.99518126,0.003723967852249377,
352,30,0.01906239613890648,0.00868924055248499,0.010373154655098915,37.98656,0.9648112,0.012746310092388517,
353,20,0.015660488978028297,0.007342288736253977,0.008318200707435608,35.36417,0.94372886,0.017249604379568073,
354,30,0.013989035040140152,0.006494991481304169,0.007494043558835983,37.974266,0.9647161,0.01277138887977179,
355,20,0.010585379786789417,0.005015763454139233,0.005569616332650185,35.40122,0.94400454,0.017173724548940734,
356,20,0.015099277719855309,0.0071332636289298534,0.007966014556586742,35.361824,0.9437077,0.0172473137368546,
357,10,0.021247483789920807,0.009852397255599499,0.011395087465643883,27.924551,0.8505799,0.04099693202282678,
358,10,0.020963255316019058,0.00969547126442194,0.011267784982919693,27.97155,0.8521412,0.04076036102292799,
359,30,0.01311428565531969,0.006218474358320236,0.0068958112969994545,37.98248,0.96465355,0.01275666560007845,
360,50,0.003975264728069305,0.0017759398324415088,0.0021993250120431185,48.633636,0.9951687,0.00372081826160054,
361,40,0.007133795414119959,0.003130469936877489,0.00400332547724247,45.40103,0.9917761,0.005424601869225158,
362,20,0.015261024236679077,0.00726335309445858,0.007997671142220497,35.384144,0.9436651,0.01721058118934706,
363,30,0.013252973556518555,0.006381376646459103,0.006871597375720739,37.934933,0.9643994,0.012821515581528156,
364,50,0.004500560462474823,0.0020038150250911713,0.0024967454373836517,48.67045,0.9952148,0.003704348145873177,
365,20,0.015735119581222534,0.007374277338385582,0.008360842242836952,35.376644,0.94394183,0.017222740946937758,
366,50,0.004216944333165884,0.00191668386105448,0.002300260355696082,48.626373,0.995171,0.003723421622119345,
367,20,0.01572391390800476,0.007381761446595192,0.008342152461409569,35.360214,0.9435068,0.017253480102219165,
368,30,0.010539991781115532,0.005029456689953804,0.005510535556823015,37.94955,0.9645983,0.01281665491717821,
369,10,0.027471911162137985,0.013033730909228325,0.01443818025290966,27.93902,0.8510119,0.040811598676762734,
370,40,0.007245499175041914,0.003274268005043268,0.003971231169998646,45.460346,0.9918233,0.005383964436944465,
371,40,0.004722978454083204,0.002060865517705679,0.0026621129363775253,45.474094,0.9918593,0.005376969517508447,
372,50,0.004547220189124346,0.0020492086187005043,0.0024980115704238415,48.63889,0.99517703,0.0037182994651409175,
373,10,0.021685875952243805,0.01021573320031166,0.01147014182060957,28.186052,0.85418904,0.0397432727476996,
374,30,0.016097906976938248,0.007489772513508797,0.008608134463429451,37.928726,0.96460533,0.012835013342380025,
375,40,0.005631895735859871,0.0026079900562763214,0.003023905446752906,45.35795,0.9917215,0.005452241288212544,
376,40,0.006408742628991604,0.0028661589603871107,0.003542583901435137,45.3907,0.9917509,0.0054294487059226475,
377,40,0.005827507469803095,0.0025590122677385807,0.003268495202064514,45.473156,0.9918745,0.0053773142538347295,
378,40,0.007736526429653168,0.0036000236868858337,0.004136502742767334,45.41084,0.9918062,0.005417515905124491,
379,50,0.007182616740465164,0.003244543680921197,0.003938073292374611,48.58927,0.99513406,0.003739013365358937,
380,40,0.0035933933686465025,0.00163823994807899,0.0019551534205675125,45.359207,0.99169314,0.005451987176976764,
381,30,0.012759597972035408,0.00599285401403904,0.006766743957996368,37.9902,0.9648525,0.012743148679491601,
382,30,0.013234898447990417,0.006271755322813988,0.006963143590837717,37.988445,0.9647807,0.0127483625412257,
383,30,0.010422790423035622,0.004914447665214539,0.005508342292159796,37.99763,0.9650169,0.012744332886119324,
384,50,0.005216546356678009,0.00232923636212945,0.002887310227379203,48.67873,0.99521506,0.003701633348986106,
385,20,0.010759441182017326,0.0052113002166152,0.005548140965402126,35.39931,0.9440024,0.01717829745656158,
386,10,0.020153367891907692,0.009471498429775238,0.010681869462132454,28.181015,0.85417134,0.03979195582415716,
387,40,0.006980911362916231,0.0030598537996411324,0.003921057563275099,45.423214,0.99181944,0.005413029392898067,
388,20,0.008882777765393257,0.004238964524120092,0.004643813706934452,35.318,0.9432435,0.017335479461507597,
389,30,0.009140155278146267,0.004431724548339844,0.004708430729806423,37.985867,0.9647093,0.012755932217293375,
390,10,0.02463916316628456,0.011510184966027737,0.013128978200256824,28.112005,0.85170615,0.04015150745186759,
391,10,0.02950768917798996,0.013871963135898113,0.015635725110769272,28.091282,0.85370505,0.04018727412761659,
392,50,0.003995046950876713,0.0018963752081617713,0.0020986716262996197,48.572395,0.995132,0.0037465181459793665,
393,30,0.012483318336308002,0.005824283696711063,0.006659034639596939,38.005543,0.96492124,0.012728439334524716,
394,20,0.018794048577547073,0.009039288386702538,0.009754760190844536,35.32374,0.9433958,0.017329966330994536,
395,40,0.006895055528730154,0.003003309480845928,0.003891746047884226,45.445675,0.9918209,0.005395804554545021,
396,30,0.012600885704159737,0.005863443948328495,0.006737441755831242,37.99032,0.9648103,0.012749907872390609,
397,50,0.005479509010910988,0.0023887306451797485,0.003090778598561883,48.654434,0.99518746,0.0037112104344805556,
398,10,0.025851165875792503,0.012288076803088188,0.013563089072704315,28.066956,0.852379,0.0403338209613124,
399,50,0.004944949876517057,0.002321534790098667,0.0026234150864183903,48.66629,0.9951949,0.0037065730704009168,
400,10,0.028578542172908783,0.013358494266867638,0.01522004697471857,27.99297,0.85171884,0.04077023104166033,
401,40,0.010380813851952553,0.004939483944326639,0.005441329441964626,45.494038,0.9918817,0.005364724334286167,
402,10,0.025572314858436584,0.012011243030428886,0.013561071828007698,28.13692,0.8531306,0.040004870378195605,
403,40,0.007137630134820938,0.0032175478991121054,0.003920082002878189,45.458225,0.991844,0.005389695701182703,
404,10,0.024667512625455856,0.011585883796215057,0.013081627897918224,28.000582,0.8519482,0.04065260976191681,
405,30,0.00922260619699955,0.004381659906357527,0.00484094675630331,37.95772,0.9646581,0.012800015968031197,
406,30,0.018280209973454475,0.008577486500144005,0.00970272347331047,37.990086,0.9649005,0.012755930953254316,
407,20,0.013261483050882816,0.006071271374821663,0.007190211676061153,35.37147,0.9437907,0.017248816513066485,
408,40,0.005504700355231762,0.0025316409301012754,0.002973059192299843,45.435204,0.99184364,0.005402669213316751,
409,20,0.02390912175178528,0.010958983562886715,0.012950138188898563,35.394787,0.94380605,0.017196910625625006,
410,20,0.02217373251914978,0.01075911894440651,0.011414614506065845,35.33939,0.94353193,0.017297963767515218,
411,50,0.006674931384623051,0.003049901220947504,0.0036250303965061903,48.644615,0.99518526,0.003715904078283153,
412,30,0.016683250665664673,0.008036226965487003,0.008647024631500244,37.960285,0.9646861,0.012791602138317872,
413,20,0.0150049589574337,0.007016263902187347,0.007988695055246353,35.301376,0.94329286,0.017379003085539312,
414,20,0.019610494375228882,0.009360169060528278,0.010250326246023178,35.309048,0.9432711,0.017353604493669485,
415,10,0.016771983355283737,0.007991869933903217,0.00878011342138052,27.978783,0.8512927,0.04072987503970236,
416,10,0.015185498632490635,0.007097451947629452,0.008088046684861183,27.925798,0.85026604,0.04107182197589983,
417,20,0.011704051867127419,0.005614492576569319,0.0060895592905581,35.301434,0.94321674,0.01738641458819279,
418,20,0.01985028199851513,0.00929267331957817,0.010557608678936958,35.344982,0.94349855,0.017285525057818843,
419,50,0.005573313683271408,0.0025143963284790516,0.003058917587623,48.605145,0.9951361,0.0037321296350105674,
420,50,0.005278199911117554,0.002340699080377817,0.00293750106357038,48.613785,0.99514544,0.003728634084458525,
421,50,0.004376796539872885,0.002027112990617752,0.0023496835492551327,48.650723,0.99518627,0.0037130654774991728,
422,20,0.012850353494286537,0.005972478073090315,0.006877874955534935,35.30621,0.9430959,0.017363305819729082,
423,30,0.011379217728972435,0.005402836948633194,0.005976381246000528,37.98922,0.9646989,0.012740163747684186,
424,50,0.004105088301002979,0.0018110000528395176,0.0022940884809941053,48.634556,0.9951762,0.0037195424009566955,
425,50,0.006172331050038338,0.0028789720963686705,0.0032933587208390236,48.614407,0.99516094,0.003728265262653027,
426,20,0.015522705391049385,0.0071899304166436195,0.008332774974405766,35.292572,0.94305134,0.017398437421898828,
427,40,0.0048490259796381,0.002131091197952628,0.002717935014516115,45.48234,0.9918876,0.00537227167394101,
428,40,0.00592775410041213,0.0026069926097989082,0.003320761490613222,45.41966,0.9917928,0.00541025526655833,
429,50,0.004411551170051098,0.0020313470158725977,0.002380204387009144,48.580105,0.9951306,0.003743569824962698,
430,10,0.020710919052362442,0.009601276367902756,0.011109643615782261,28.066357,0.85175014,0.04048430156926262,
431,20,0.015982991084456444,0.007547504268586636,0.008435486815869808,35.3666,0.9438202,0.017252899592178416,
432,30,0.010010015219449997,0.004733635578304529,0.005276379641145468,37.975376,0.9647473,0.012768713991552107,
433,40,0.00908958725631237,0.004260700661689043,0.00482888612896204,45.361073,0.9917277,0.005448690304521633,
434,50,0.0050514452159404755,0.0023700841702520847,0.0026813610456883907,48.64501,0.99517703,0.003715430824864249,
435,50,0.006724942941218615,0.003049757331609726,0.0036751856096088886,48.65893,0.99518514,0.003709405306652229,
436,30,0.01816914975643158,0.008505451492965221,0.009663698263466358,37.938984,0.9645752,0.012820006618080155,
437,30,0.015057843178510666,0.007024791091680527,0.00803305208683014,37.96607,0.9646712,0.012781156303782553,
438,20,0.018347539007663727,0.008455520495772362,0.009892018511891365,35.338192,0.943608,0.01729787587784276,
439,50,0.0054250117391347885,0.002447838429361582,0.002977173076942563,48.632793,0.995169,0.0037209244249913247,
440,40,0.005323068704456091,0.0025112670846283436,0.0028118016198277473,45.40001,0.9918046,0.005422223929606978,
441,40,0.006815850269049406,0.003006300423294306,0.0038095498457551003,45.473335,0.99188215,0.005376697071412218,
442,50,0.004130452871322632,0.0018759297672659159,0.0022545233368873596,48.636105,0.99516916,0.0037187853271547287,
443,10,0.025451170280575752,0.011825237423181534,0.013625932857394218,28.155176,0.8532974,0.03993291572663763,
444,50,0.0027695195749402046,0.0012577319284901023,0.0015117877628654242,48.6353,0.99517286,0.003719621032185465,
445,20,0.016363242641091347,0.0076753622852265835,0.008687879890203476,35.232338,0.9427659,0.017519078923823303,
446,40,0.005800215527415276,0.002679748460650444,0.0031204670667648315,45.455875,0.9918472,0.005388848626146753,
447,40,0.005933551583439112,0.0027098110876977444,0.0032237404957413673,45.481323,0.9918933,0.005372080995635265,
448,10,0.02443879097700119,0.011421823874115944,0.013016967102885246,28.105307,0.8516127,0.04027230624721878,
449,10,0.0252092182636261,0.011614209040999413,0.013595009222626686,28.164421,0.8528729,0.039953450645572944,
450,40,0.006760799326002598,0.003027430037036538,0.003733369056135416,45.463593,0.99187315,0.005383495170371465,
451,10,0.025916770100593567,0.012449982576072216,0.013466786593198776,28.21131,0.8541637,0.039693464505396625,
452,30,0.009390022605657578,0.004545413423329592,0.004844609182327986,38.023888,0.9651141,0.012701518063811826,
453,40,0.005054843612015247,0.0022216737270355225,0.002833169884979725,45.49653,0.99188834,0.0053622629385414,
454,40,0.006846367381513119,0.0030605709180235863,0.003785796696320176,45.440697,0.99185914,0.005400146511971548,
455,40,0.004239062312990427,0.0018942239694297314,0.0023448383435606956,45.432713,0.9918305,0.005404210056984438,
456,50,0.005443374626338482,0.002462456002831459,0.002980918623507023,48.63485,0.9951559,0.00371989940344741,
457,20,0.027150411158800125,0.012607964687049389,0.014542445540428162,35.323025,0.9434902,0.01736018965794575,
458,20,0.01481888722628355,0.007047657854855061,0.00777122937142849,35.3133,0.9433852,0.017356104766756236,
459,20,0.016052771359682083,0.0075548626482486725,0.008497907780110836,35.35611,0.9435089,0.01727348840312403,
460,20,0.015884794294834137,0.007270298898220062,0.008614495396614075,35.328545,0.94343376,0.01733029160864925,
461,20,0.014956285245716572,0.006905828602612019,0.008050456643104553,35.278145,0.9430591,0.017425284554319118,
462,40,0.004858733620494604,0.0022388743236660957,0.0026198592968285084,45.46615,0.9918575,0.005380789462671911,
463,50,0.00604183878749609,0.0028036341536790133,0.0032382048666477203,48.635807,0.9951697,0.0037194675194967886,
464,40,0.007762573659420013,0.003495042212307453,0.00426753144711256,45.450592,0.9918233,0.00539010903437668,
465,30,0.00974314659833908,0.004659170750528574,0.005083976313471794,37.93595,0.9645052,0.012822750813837207,
466,50,0.004059066530317068,0.0018853414803743362,0.002173725049942732,48.628796,0.9951715,0.0037222209461829216,
467,10,0.011769134551286697,0.005604592151939869,0.0061645423993468285,28.17024,0.85304105,0.03994894261592466,
468,10,0.026415690779685974,0.012620385736227036,0.013795304112136364,28.244791,0.85398245,0.03950762677094147,
469,20,0.014115877449512482,0.006750977598130703,0.007364900317043066,35.244907,0.9426575,0.017495899481978737,
470,20,0.01450355164706707,0.006589436903595924,0.007914114743471146,35.26523,0.94309276,0.017461040797632922,
471,10,0.026758568361401558,0.012525666505098343,0.014232901856303215,28.009798,0.85056406,0.04060354148104448,
472,50,0.005810287781059742,0.0027036266401410103,0.0031066613737493753,48.62528,0.99515057,0.0037242716937791517,
473,40,0.007569301873445511,0.003297050716355443,0.0042722513899207115,45.450233,0.99183714,0.00539101823424068,
474,20,0.01859644055366516,0.00871456041932106,0.009881881065666676,35.34328,0.9434534,0.017300229267489253,
475,20,0.019615326076745987,0.009074809029698372,0.010540517047047615,35.35927,0.94347745,0.017262795546533035,
476,10,0.024618107825517654,0.011749334633350372,0.012868773192167282,28.097584,0.8523492,0.04021518397597066,
477,40,0.004489559680223465,0.001851232722401619,0.002638326957821846,45.412025,0.9917922,0.005417357794613873,
478,40,0.005715923849493265,0.002548143733292818,0.003167780116200447,45.39531,0.9917725,0.005426954952107965,
479,10,0.021689893677830696,0.010258749127388,0.011431144550442696,28.136425,0.85311675,0.04006697232067406,
480,10,0.025791041553020477,0.012049431912600994,0.013741609640419483,28.193392,0.8541929,0.03978552247871952,
481,10,0.02404681034386158,0.011285842396318913,0.012760967947542667,28.206745,0.8531378,0.03965813388482737,
482,40,0.006121487356722355,0.002822296228259802,0.003299191128462553,45.45158,0.9918066,0.00539237984478018,
483,50,0.004315512254834175,0.001896002795547247,0.002419509692117572,48.635975,0.9951605,0.0037192243443363165,
484,20,0.02207561582326889,0.010191774927079678,0.011883839964866638,35.321457,0.94346213,0.01735084184609848,
485,50,0.005162191577255726,0.0023448632564395666,0.0028173280879855156,48.625397,0.9951408,0.003723553691216056,
486,50,0.0054045021533966064,0.0024292725138366222,0.002975229639559984,48.63289,0.9951517,0.0037203332252560006,
487,30,0.01210317388176918,0.005616251844912767,0.006486921571195126,37.99759,0.9649405,0.012737310613544354,
488,40,0.006501773372292519,0.0029377546161413193,0.0035640187561511993,45.402336,0.99177593,0.005423718762679597,
489,10,0.030314845964312553,0.014266496524214745,0.01604834944009781,28.080622,0.85118675,0.04045120643771048,
490,10,0.02366366796195507,0.010849937796592712,0.012813730165362358,28.155924,0.85213673,0.04000960675251786,
491,40,0.007240929640829563,0.0034020356833934784,0.0038388941902667284,45.408855,0.9917997,0.005421829833758362,
492,20,0.014640113338828087,0.006844185292720795,0.0077959285117685795,35.380527,0.94393706,0.017229033953290347,
493,30,0.01416291669011116,0.006534277927130461,0.0076286387629806995,37.931,0.96459043,0.012833176516150659,
494,20,0.011203061789274216,0.005424671806395054,0.005778389982879162,35.375343,0.94383454,0.017231678102502007,
495,30,0.00969789456576109,0.0043571507558226585,0.005340743809938431,37.961548,0.96476734,0.012786968445375253,
496,10,0.02416706085205078,0.011274292133748531,0.012892767786979675,28.121777,0.8522464,0.04020892317508629,
497,20,0.0172639898955822,0.008001100271940231,0.009262889623641968,35.284897,0.94298667,0.017411378736150576,
498,30,0.012411443516612053,0.005746533162891865,0.006664909888058901,38.01834,0.965042,0.012709608612294173,
499,40,0.006564545910805464,0.0029853691812604666,0.003579176729544997,45.489063,0.9918482,0.005367400494013317,
500,40,0.006053251214325428,0.0026933958288282156,0.0033598551526665688,45.47076,0.991852,0.005379271258993202,
